          10   1.5157005196795454     
          20   1.7052768223520860     
          40   1.2862114930685082     
          80  0.52371124850707296     
         160  0.37038869272518432     
         320  0.37449869978646871     
         640  0.18945428272544540     
        1280  0.14567208758234676     
        2560   8.2663060134494315E-002
        5120   8.2169603086749893E-002
       10240   3.9245585761988340E-002
       20480   3.2683589854040407E-002
       40960   1.8787189426176666E-002
       81920   1.8227808345856938E-002
      163840   1.0981776423248581E-002
      327680   9.1516646140760785E-003
      655360   7.6554809004849662E-003
