0.000000, 0.430344, 0.360501 
0.250000, 0.370391, 0.310279 
0.500000, 0.318791, 0.267053 
0.750000, 0.274380, 0.229849 
1.000000, 0.236155, 0.197829 
1.250000, 0.203256, 0.170269 
1.500000, 0.175131, 0.148087 
1.750000, 0.223413, 0.284448 
1.864180, 0.312372, 0.401882 
1.897157, 0.410654, 0.509026 
1.918947, 0.501501, 0.592349 
1.934285, 0.593409, 0.685300 
1.947421, 0.682397, 0.771364 
1.958776, 0.778834, 0.875242 
1.970131, 0.867074, 0.955290 
1.979977, 0.958098, 1.049097 
1.989822, 1.050311, 1.142497 
1.999668, 1.142037, 1.233735 
2.009513, 1.231606, 1.321150 
2.019359, 1.317443, 1.403258 
2.029205, 1.398141, 1.478822 
2.039050, 1.472527, 1.546900 
2.048896, 1.539706, 1.606879 
2.058742, 1.599087, 1.658469 
2.068587, 1.650386, 1.701689 
2.078433, 1.693603, 1.736830 
2.088278, 1.728997, 1.764404 
2.098124, 1.757031, 1.785082 
2.107970, 1.778328, 1.799642 
2.117815, 1.793610, 1.808910 
2.127661, 1.803651, 1.813709 
2.137507, 1.809231, 1.814827 
2.147352, 1.811098, 1.812981 
2.157198, 1.809947, 1.808807 
2.167043, 1.806392, 1.802849 
2.176889, 1.800969, 1.795554 
2.186735, 1.794125, 1.787288 
2.196580, 1.786227, 1.778334 
2.206426, 1.777567, 1.768911 
2.216272, 1.768372, 1.759180 
2.226117, 1.758816, 1.749261 
2.235963, 1.749025, 1.739235 
2.245808, 1.739093, 1.729162 
2.255654, 1.729087, 1.719080 
2.265500, 1.719051, 1.709016 
2.275345, 1.709018, 1.698985 
2.285191, 1.699008, 1.688997 
2.295037, 1.689034, 1.679060 
2.304882, 1.679105, 1.669176 
2.314728, 1.669227, 1.659348 
2.324573, 1.659402, 1.649576 
2.334419, 1.649631, 1.639860 
2.344265, 1.639917, 1.630202 
2.354110, 1.630259, 1.620600 
2.363956, 1.620657, 1.611055 
2.373801, 1.611112, 1.601566 
2.383647, 1.601623, 1.592133 
2.393493, 1.592190, 1.582755 
2.403338, 1.582812, 1.573433 
2.413184, 1.573489, 1.564165 
2.423030, 1.564221, 1.554953 
2.432875, 1.555008, 1.545794 
2.442721, 1.545849, 1.536689 
2.452566, 1.536744, 1.527638 
2.462412, 1.527693, 1.518641 
2.472258, 1.518695, 1.509696 
2.482103, 1.509750, 1.500804 
2.491949, 1.500857, 1.491964 
2.501795, 1.492017, 1.483177 
2.511640, 1.483229, 1.474441 
2.521486, 1.474493, 1.465756 
2.531331, 1.465808, 1.457123 
2.541177, 1.457175, 1.448541 
2.551023, 1.448592, 1.440009 
2.560868, 1.440060, 1.431527 
2.570714, 1.431578, 1.423096 
2.580560, 1.423146, 1.414714 
2.590405, 1.414764, 1.406381 
2.600251, 1.406431, 1.398097 
2.610096, 1.398147, 1.389863 
2.619942, 1.389912, 1.381676 
2.629788, 1.381726, 1.373538 
2.639633, 1.373587, 1.365448 
2.649479, 1.365497, 1.357406 
2.659325, 1.357454, 1.349411 
2.669170, 1.349459, 1.341463 
2.679016, 1.341511, 1.333562 
2.688861, 1.333609, 1.325707 
2.698707, 1.325754, 1.317899 
2.708553, 1.317946, 1.310136 
2.718398, 1.310183, 1.302420 
2.728244, 1.302466, 1.294749 
2.738090, 1.294795, 1.287123 
2.747935, 1.287168, 1.279541 
2.757781, 1.279587, 1.272005 
2.767626, 1.272050, 1.264513 
2.777472, 1.264558, 1.257065 
2.787318, 1.257110, 1.249661 
2.797163, 1.249705, 1.242300 
2.807009, 1.242345, 1.234983 
2.816854, 1.235027, 1.227709 
2.826700, 1.227753, 1.220478 
2.836546, 1.220522, 1.213290 
2.846391, 1.213333, 1.206143 
2.856237, 1.206186, 1.199039 
2.866083, 1.199082, 1.191977 
2.875928, 1.192019, 1.184956 
2.885774, 1.184998, 1.177977 
2.895619, 1.178019, 1.171039 
2.905465, 1.171080, 1.164141 
2.915311, 1.164183, 1.157285 
2.925156, 1.157326, 1.150468 
2.935002, 1.150509, 1.143692 
2.944848, 1.143733, 1.136956 
2.954693, 1.136996, 1.130259 
2.964539, 1.130299, 1.123602 
2.974384, 1.123642, 1.116984 
2.984230, 1.117024, 1.110405 
2.994076, 1.110445, 1.103865 
3.003921, 1.103904, 1.097363 
3.013767, 1.097402, 1.090900 
3.023613, 1.090938, 1.084474 
3.033458, 1.084513, 1.078087 
3.043304, 1.078125, 1.071737 
3.053149, 1.071775, 1.065424 
3.062995, 1.065462, 1.059149 
3.072841, 1.059187, 1.052911 
3.082686, 1.052948, 1.046709 
3.092532, 1.046746, 1.040544 
3.102378, 1.040581, 1.034415 
3.112223, 1.034452, 1.028323 
3.122069, 1.028359, 1.022266 
3.131914, 1.022302, 1.016245 
3.141760, 1.016281, 1.010259 
3.151606, 1.010295, 1.004309 
3.161451, 1.004344, 0.998393 
3.171297, 0.998429, 0.992513 
3.181143, 0.992548, 0.986667 
3.190988, 0.986702, 0.980856 
3.200834, 0.980891, 0.975078 
3.210679, 0.975113, 0.969335 
3.220525, 0.969370, 0.963626 
3.230371, 0.963660, 0.957950 
3.240216, 0.957984, 0.952308 
3.250062, 0.952342, 0.946699 
3.259907, 0.946733, 0.941123 
3.269753, 0.941156, 0.935580 
3.279599, 0.935613, 0.930069 
3.289444, 0.930102, 0.924591 
3.299290, 0.924624, 0.919145 
3.309136, 0.919178, 0.913731 
3.318981, 0.913764, 0.908350 
3.328827, 0.908382, 0.903000 
3.338672, 0.903032, 0.897681 
3.348518, 0.897713, 0.892394 
3.358364, 0.892425, 0.887137 
3.368209, 0.887169, 0.881912 
3.378055, 0.881944, 0.876718 
3.387901, 0.876749, 0.871554 
3.397746, 0.871585, 0.866421 
3.407592, 0.866451, 0.861317 
3.417437, 0.861348, 0.856244 
3.427283, 0.856275, 0.851201 
3.437129, 0.851231, 0.846187 
3.446974, 0.846218, 0.841203 
3.456820, 0.841233, 0.836249 
3.466666, 0.836279, 0.831323 
3.476511, 0.831353, 0.826427 
3.486357, 0.826456, 0.821559 
3.496202, 0.821588, 0.816720 
3.506048, 0.816749, 0.811910 
3.515894, 0.811939, 0.807128 
3.525739, 0.807156, 0.802374 
3.535585, 0.802402, 0.797648 
3.545431, 0.797676, 0.792950 
3.555276, 0.792978, 0.788279 
3.565122, 0.788307, 0.783636 
3.574967, 0.783664, 0.779021 
3.584813, 0.779048, 0.774432 
3.594659, 0.774460, 0.769871 
3.604504, 0.769898, 0.765336 
3.614350, 0.765364, 0.760829 
3.624195, 0.760856, 0.756347 
3.634041, 0.756374, 0.751893 
3.643887, 0.751919, 0.747464 
3.653732, 0.747491, 0.743061 
3.663578, 0.743088, 0.738685 
3.673424, 0.738711, 0.734334 
3.683269, 0.734360, 0.730009 
3.693115, 0.730035, 0.725709 
3.702960, 0.725735, 0.721435 
3.712806, 0.721460, 0.717185 
3.722652, 0.717211, 0.712961 
3.732497, 0.712987, 0.708762 
3.742343, 0.708787, 0.704587 
3.752189, 0.704612, 0.700437 
3.762034, 0.700462, 0.696312 
3.771880, 0.696337, 0.692211 
3.781725, 0.692235, 0.688133 
3.791571, 0.688158, 0.684080 
3.801417, 0.684105, 0.680051 
3.811262, 0.680075, 0.676046 
3.821108, 0.676070, 0.672064 
3.830954, 0.672088, 0.668105 
3.840799, 0.668129, 0.664170 
3.850645, 0.664194, 0.660258 
3.860490, 0.660282, 0.656369 
3.870336, 0.656393, 0.652503 
3.880182, 0.652527, 0.648660 
3.890027, 0.648683, 0.644840 
3.899873, 0.644863, 0.641042 
3.909719, 0.641064, 0.637266 
3.919564, 0.637289, 0.633512 
3.929410, 0.633535, 0.629781 
3.939255, 0.629803, 0.626072 
3.949101, 0.626094, 0.622384 
3.958947, 0.622406, 0.618718 
3.968792, 0.618740, 0.615074 
3.978638, 0.615096, 0.611451 
3.988484, 0.611473, 0.607850 
3.998329, 0.607872, 0.604270 
4.008175, 0.604291, 0.600711 
4.018020, 0.600732, 0.597172 
4.027866, 0.597194, 0.593655 
4.037712, 0.593676, 0.590158 
4.047557, 0.590180, 0.586682 
4.057403, 0.586703, 0.583227 
4.067248, 0.583248, 0.579792 
4.077094, 0.579812, 0.576377 
4.086940, 0.576397, 0.572982 
4.096785, 0.573002, 0.569607 
4.106631, 0.569627, 0.566252 
4.116477, 0.566272, 0.562917 
4.126322, 0.562937, 0.559601 
4.136168, 0.559621, 0.556305 
4.146013, 0.556325, 0.553029 
4.155859, 0.553048, 0.549771 
4.165705, 0.549791, 0.546533 
4.175550, 0.546553, 0.543314 
4.185396, 0.543334, 0.540114 
4.195242, 0.540133, 0.536933 
4.205087, 0.536952, 0.533770 
4.214933, 0.533789, 0.530627 
4.224778, 0.530645, 0.527501 
4.234624, 0.527520, 0.524394 
4.244470, 0.524413, 0.521306 
4.254315, 0.521324, 0.518235 
4.264161, 0.518254, 0.515183 
4.274007, 0.515201, 0.512148 
4.283852, 0.512167, 0.509132 
4.293698, 0.509150, 0.506133 
4.303543, 0.506151, 0.503152 
4.313389, 0.503170, 0.500188 
4.323235, 0.500206, 0.497242 
4.333080, 0.497260, 0.494314 
4.342926, 0.494331, 0.491402 
4.352772, 0.491420, 0.488508 
4.362617, 0.488525, 0.485630 
4.372463, 0.485648, 0.482770 
4.382308, 0.482787, 0.479927 
4.392154, 0.479944, 0.477100 
4.402000, 0.477117, 0.474290 
4.411845, 0.474307, 0.471496 
4.421691, 0.471513, 0.468719 
4.431537, 0.468736, 0.465958 
4.441382, 0.465975, 0.463214 
4.451228, 0.463230, 0.460486 
4.461073, 0.460502, 0.457773 
4.470919, 0.457790, 0.455077 
4.480765, 0.455093, 0.452397 
4.490610, 0.452413, 0.449732 
4.500456, 0.449748, 0.447083 
4.510301, 0.447099, 0.444450 
4.520147, 0.444466, 0.441832 
4.529993, 0.441848, 0.439230 
4.539838, 0.439245, 0.436643 
4.549684, 0.436658, 0.434071 
4.559530, 0.434086, 0.431514 
4.569375, 0.431530, 0.428973 
4.579221, 0.428988, 0.426446 
4.589066, 0.426461, 0.423934 
4.598912, 0.423949, 0.421437 
4.608758, 0.421452, 0.418955 
4.618603, 0.418970, 0.416487 
4.628449, 0.416502, 0.414034 
4.638295, 0.414049, 0.411596 
4.648140, 0.411610, 0.409171 
4.657986, 0.409186, 0.406761 
4.667831, 0.406776, 0.404366 
4.677677, 0.404380, 0.401984 
4.687523, 0.401998, 0.399616 
4.697368, 0.399630, 0.397262 
4.707214, 0.397277, 0.394923 
4.717060, 0.394937, 0.392597 
4.726905, 0.392610, 0.390284 
4.736751, 0.390298, 0.387985 
4.746596, 0.387999, 0.385700 
4.756442, 0.385714, 0.383428 
4.766288, 0.383442, 0.381170 
4.776133, 0.381184, 0.378925 
4.785979, 0.378938, 0.376693 
4.795825, 0.376706, 0.374474 
4.805670, 0.374488, 0.372269 
4.815516, 0.372282, 0.370076 
4.825361, 0.370089, 0.367896 
4.835207, 0.367909, 0.365729 
4.845053, 0.365742, 0.363575 
4.854898, 0.363588, 0.361434 
4.864744, 0.361447, 0.359305 
4.874589, 0.359318, 0.357189 
4.884435, 0.357201, 0.355085 
4.894281, 0.355098, 0.352994 
4.904126, 0.353006, 0.350914 
4.913972, 0.350927, 0.348848 
4.923818, 0.348860, 0.346793 
4.933663, 0.346805, 0.344750 
4.943509, 0.344762, 0.342720 
4.953354, 0.342732, 0.340701 
4.963200, 0.340713, 0.338694 
4.973046, 0.338706, 0.336699 
4.982891, 0.336711, 0.334716 
4.992737, 0.334728, 0.332745 
5.002583, 0.332757, 0.330785 
5.012428, 0.330797, 0.328837 
5.022274, 0.328848, 0.326900 
5.032119, 0.326911, 0.324974 
5.041965, 0.324986, 0.323060 
5.051811, 0.323072, 0.321158 
5.061656, 0.321169, 0.319266 
5.071502, 0.319277, 0.317385 
5.081348, 0.317397, 0.315516 
5.091193, 0.315527, 0.313658 
5.101039, 0.313669, 0.311810 
5.110884, 0.311821, 0.309974 
5.120730, 0.309985, 0.308148 
5.130576, 0.308159, 0.306333 
5.140421, 0.306344, 0.304529 
5.150267, 0.304540, 0.302735 
5.160113, 0.302746, 0.300952 
5.169958, 0.300963, 0.299179 
5.179804, 0.299190, 0.297417 
5.189649, 0.297428, 0.295665 
5.199495, 0.295676, 0.293924 
5.209341, 0.293934, 0.292193 
5.219186, 0.292203, 0.290472 
5.229032, 0.290482, 0.288761 
5.238878, 0.288771, 0.287060 
5.248723, 0.287070, 0.285369 
5.258569, 0.285379, 0.283689 
5.268414, 0.283699, 0.282018 
5.278260, 0.282028, 0.280357 
5.288106, 0.280367, 0.278705 
5.297951, 0.278715, 0.277064 
5.307797, 0.277074, 0.275432 
5.317642, 0.275442, 0.273810 
5.327488, 0.273819, 0.272197 
5.337334, 0.272206, 0.270594 
5.347179, 0.270603, 0.269000 
5.357025, 0.269009, 0.267415 
5.366871, 0.267425, 0.265840 
5.376716, 0.265850, 0.264275 
5.386562, 0.264284, 0.262718 
5.396407, 0.262727, 0.261171 
5.406253, 0.261180, 0.259632 
5.416099, 0.259642, 0.258103 
5.425944, 0.258112, 0.256583 
5.435790, 0.256592, 0.255072 
5.445636, 0.255081, 0.253569 
5.455481, 0.253578, 0.252076 
5.465327, 0.252085, 0.250591 
5.475172, 0.250600, 0.249115 
5.485018, 0.249124, 0.247648 
5.494864, 0.247657, 0.246189 
5.504709, 0.246198, 0.244739 
5.514555, 0.244748, 0.243298 
5.524401, 0.243306, 0.241865 
5.534246, 0.241873, 0.240440 
5.544092, 0.240449, 0.239024 
5.553937, 0.239032, 0.237616 
5.563783, 0.237624, 0.236216 
5.573629, 0.236225, 0.234825 
5.583474, 0.234833, 0.233442 
5.593320, 0.233450, 0.232067 
5.603166, 0.232075, 0.230700 
5.613011, 0.230708, 0.229341 
5.622857, 0.229349, 0.227991 
5.632702, 0.227999, 0.226648 
5.642548, 0.226656, 0.225313 
5.652394, 0.225321, 0.223986 
5.662239, 0.223994, 0.222666 
5.672085, 0.222674, 0.221355 
5.681931, 0.221363, 0.220051 
5.691776, 0.220059, 0.218755 
5.701622, 0.218763, 0.217467 
5.711467, 0.217474, 0.216186 
5.721313, 0.216193, 0.214912 
5.731159, 0.214920, 0.213647 
5.741004, 0.213654, 0.212388 
5.750850, 0.212396, 0.211137 
5.760695, 0.211145, 0.209894 
5.770541, 0.209901, 0.208657 
5.780387, 0.208665, 0.207428 
5.790232, 0.207436, 0.206207 
5.800078, 0.206214, 0.204992 
5.809924, 0.204999, 0.203785 
5.819769, 0.203792, 0.202584 
5.829615, 0.202592, 0.201391 
5.839460, 0.201398, 0.200205 
5.849306, 0.200212, 0.199026 
5.859152, 0.199033, 0.197854 
5.868997, 0.197861, 0.196688 
5.878843, 0.196695, 0.195530 
5.888689, 0.195537, 0.194378 
5.898534, 0.194385, 0.193233 
5.908380, 0.193240, 0.192095 
5.918225, 0.192102, 0.190964 
5.928071, 0.190970, 0.189839 
5.937917, 0.189846, 0.188721 
5.947762, 0.188727, 0.187609 
5.957608, 0.187616, 0.186504 
5.967454, 0.186511, 0.185406 
5.977299, 0.185412, 0.184314 
5.987145, 0.184320, 0.183228 
5.996990, 0.183235, 0.182149 
6.006836, 0.182155, 0.181076 
6.016682, 0.181082, 0.180009 
6.026527, 0.180016, 0.178949 
6.036373, 0.178956, 0.177895 
6.046219, 0.177901, 0.176847 
6.056064, 0.176854, 0.175806 
6.065910, 0.175812, 0.174770 
6.075755, 0.174776, 0.173741 
6.085601, 0.173747, 0.172718 
6.095447, 0.172724, 0.171700 
6.105292, 0.171706, 0.170689 
6.115138, 0.170695, 0.169684 
6.124984, 0.169690, 0.168684 
6.134829, 0.168690, 0.167691 
6.144675, 0.167697, 0.166703 
6.154520, 0.166709, 0.165721 
6.164366, 0.165727, 0.164745 
6.174212, 0.164751, 0.163775 
6.184057, 0.163780, 0.162810 
6.193903, 0.162816, 0.161851 
6.203748, 0.161857, 0.160898 
6.213594, 0.160903, 0.159950 
6.223440, 0.159956, 0.159008 
6.233285, 0.159014, 0.158071 
6.243131, 0.158077, 0.157140 
6.252977, 0.157146, 0.156215 
6.262822, 0.156220, 0.155295 
6.272668, 0.155300, 0.154380 
6.282513, 0.154386, 0.153471 
6.292359, 0.153476, 0.152567 
6.302205, 0.152572, 0.151668 
6.312050, 0.151674, 0.150775 
6.321896, 0.150780, 0.149887 
6.331742, 0.149892, 0.149004 
6.341587, 0.149009, 0.148126 
6.351433, 0.148132, 0.147254 
6.361278, 0.147259, 0.146387 
6.371124, 0.146392, 0.145524 
6.380970, 0.145530, 0.144667 
6.390815, 0.144672, 0.143815 
6.400661, 0.143820, 0.142968 
6.410507, 0.142973, 0.142126 
6.420352, 0.142131, 0.141289 
6.430198, 0.141294, 0.140457 
6.440043, 0.140462, 0.139629 
6.449889, 0.139634, 0.138807 
6.459735, 0.138812, 0.137989 
6.469580, 0.137994, 0.137177 
6.479426, 0.137182, 0.136369 
6.489272, 0.136374, 0.135566 
6.499117, 0.135570, 0.134767 
6.508963, 0.134772, 0.133973 
6.518808, 0.133978, 0.133184 
6.528654, 0.133189, 0.132400 
6.538500, 0.132404, 0.131620 
6.548345, 0.131625, 0.130845 
6.558191, 0.130849, 0.130074 
6.568036, 0.130079, 0.129308 
6.577882, 0.129312, 0.128546 
6.587728, 0.128551, 0.127789 
6.597573, 0.127794, 0.127036 
6.607419, 0.127041, 0.126288 
6.617265, 0.126293, 0.125544 
6.627110, 0.125549, 0.124805 
6.636956, 0.124809, 0.124070 
6.646801, 0.124074, 0.123339 
6.656647, 0.123343, 0.122613 
6.666493, 0.122617, 0.121890 
6.676338, 0.121895, 0.121172 
6.686184, 0.121177, 0.120459 
6.696030, 0.120463, 0.119749 
6.705875, 0.119754, 0.119044 
6.715721, 0.119048, 0.118343 
6.725566, 0.118347, 0.117646 
6.735412, 0.117650, 0.116953 
6.745258, 0.116957, 0.116264 
6.755103, 0.116268, 0.115579 
6.764949, 0.115583, 0.114898 
6.774795, 0.114903, 0.114222 
6.784640, 0.114226, 0.113549 
6.794486, 0.113553, 0.112880 
6.804331, 0.112884, 0.112215 
6.814177, 0.112219, 0.111554 
6.824023, 0.111558, 0.110897 
6.833868, 0.110901, 0.110244 
6.843714, 0.110248, 0.109595 
6.853560, 0.109599, 0.108949 
6.863405, 0.108953, 0.108308 
6.873251, 0.108311, 0.107670 
6.883096, 0.107673, 0.107035 
6.892942, 0.107039, 0.106405 
6.902788, 0.106409, 0.105778 
6.912633, 0.105782, 0.105155 
6.922479, 0.105159, 0.104536 
6.932325, 0.104540, 0.103920 
6.942170, 0.103924, 0.103308 
6.952016, 0.103312, 0.102700 
6.961861, 0.102703, 0.102095 
6.971707, 0.102098, 0.101493 
6.981553, 0.101497, 0.100896 
6.991398, 0.100899, 0.100301 
7.001244, 0.100305, 0.099711 
7.011089, 0.099714, 0.099123 
7.020935, 0.099127, 0.098539 
7.030781, 0.098543, 0.097959 
7.040626, 0.097963, 0.097382 
7.050472, 0.097386, 0.096809 
7.060318, 0.096812, 0.096238 
7.070163, 0.096242, 0.095671 
7.080009, 0.095675, 0.095108 
7.089854, 0.095111, 0.094548 
7.099700, 0.094551, 0.093991 
7.109546, 0.093994, 0.093437 
7.119391, 0.093441, 0.092887 
7.129237, 0.092890, 0.092340 
7.139083, 0.092343, 0.091796 
7.148928, 0.091799, 0.091255 
7.158774, 0.091259, 0.090718 
7.168619, 0.090721, 0.090183 
7.178465, 0.090187, 0.089652 
7.188311, 0.089656, 0.089124 
7.198156, 0.089127, 0.088599 
7.208002, 0.088602, 0.088077 
7.217848, 0.088081, 0.087559 
7.227693, 0.087562, 0.087043 
7.237539, 0.087046, 0.086530 
7.247384, 0.086533, 0.086021 
7.257230, 0.086024, 0.085514 
7.267076, 0.085517, 0.085010 
7.276921, 0.085013, 0.084510 
7.286767, 0.084513, 0.084012 
7.296613, 0.084015, 0.083517 
7.306458, 0.083520, 0.083025 
7.316304, 0.083028, 0.082536 
7.326149, 0.082539, 0.082050 
7.335995, 0.082053, 0.081567 
7.345841, 0.081570, 0.081086 
7.355686, 0.081089, 0.080609 
7.365532, 0.080612, 0.080134 
7.375378, 0.080137, 0.079662 
7.385223, 0.079665, 0.079193 
7.395069, 0.079196, 0.078726 
7.404914, 0.078729, 0.078263 
7.414760, 0.078265, 0.077802 
7.424606, 0.077804, 0.077343 
7.434451, 0.077346, 0.076888 
7.444297, 0.076891, 0.076435 
7.454142, 0.076438, 0.075985 
7.463988, 0.075987, 0.075537 
7.473834, 0.075540, 0.075092 
7.483679, 0.075095, 0.074650 
7.493525, 0.074653, 0.074210 
7.503371, 0.074213, 0.073773 
7.513216, 0.073776, 0.073339 
7.523062, 0.073341, 0.072907 
7.532907, 0.072909, 0.072477 
7.542753, 0.072480, 0.072050 
7.552599, 0.072053, 0.071626 
7.562444, 0.071629, 0.071204 
7.572290, 0.071207, 0.070785 
7.582136, 0.070787, 0.070368 
7.591981, 0.070370, 0.069953 
7.601827, 0.069956, 0.069541 
7.611672, 0.069544, 0.069132 
7.621518, 0.069134, 0.068725 
7.631364, 0.068727, 0.068320 
7.641209, 0.068322, 0.067917 
7.651055, 0.067920, 0.067517 
7.660901, 0.067520, 0.067120 
7.670746, 0.067122, 0.066724 
7.680592, 0.066727, 0.066331 
7.690437, 0.066334, 0.065941 
7.700283, 0.065943, 0.065552 
7.710129, 0.065555, 0.065166 
7.719974, 0.065169, 0.064782 
7.729820, 0.064785, 0.064401 
7.739666, 0.064403, 0.064021 
7.749511, 0.064024, 0.063644 
7.759357, 0.063647, 0.063270 
7.769202, 0.063272, 0.062897 
7.779048, 0.062899, 0.062526 
7.788894, 0.062529, 0.062158 
7.798739, 0.062160, 0.061792 
7.808585, 0.061794, 0.061428 
7.818430, 0.061430, 0.061066 
7.828276, 0.061068, 0.060707 
7.838122, 0.060709, 0.060349 
7.847967, 0.060351, 0.059994 
7.857813, 0.059996, 0.059640 
7.867659, 0.059642, 0.059289 
7.877504, 0.059291, 0.058940 
7.887350, 0.058942, 0.058593 
7.897195, 0.058595, 0.058247 
7.907041, 0.058250, 0.057904 
7.916887, 0.057906, 0.057563 
7.926732, 0.057565, 0.057224 
7.936578, 0.057226, 0.056887 
7.946424, 0.056889, 0.056552 
7.956269, 0.056554, 0.056219 
7.966115, 0.056221, 0.055888 
7.975960, 0.055890, 0.055559 
7.985806, 0.055561, 0.055232 
7.995652, 0.055234, 0.054906 
8.005497, 0.054908, 0.054583 
8.015343, 0.054585, 0.054261 
8.025189, 0.054263, 0.053942 
8.035034, 0.053944, 0.053624 
8.044880, 0.053626, 0.053308 
8.054725, 0.053310, 0.052994 
8.064571, 0.052996, 0.052682 
8.074417, 0.052684, 0.052372 
8.084262, 0.052374, 0.052063 
8.094108, 0.052065, 0.051757 
8.103954, 0.051759, 0.051452 
8.113799, 0.051454, 0.051149 
8.123645, 0.051151, 0.050848 
8.133490, 0.050849, 0.050548 
8.143336, 0.050550, 0.050250 
8.153182, 0.050252, 0.049954 
8.163027, 0.049956, 0.049660 
8.172873, 0.049662, 0.049368 
8.182719, 0.049369, 0.049077 
8.192564, 0.049079, 0.048788 
8.202410, 0.048790, 0.048500 
8.212255, 0.048502, 0.048215 
8.222101, 0.048216, 0.047931 
8.231947, 0.047932, 0.047648 
8.241792, 0.047650, 0.047368 
8.251638, 0.047369, 0.047089 
8.261483, 0.047090, 0.046811 
8.271329, 0.046813, 0.046536 
8.281175, 0.046537, 0.046262 
8.291020, 0.046263, 0.045989 
8.300866, 0.045991, 0.045718 
8.310712, 0.045720, 0.045449 
8.320557, 0.045451, 0.045181 
8.330403, 0.045183, 0.044915 
8.340248, 0.044917, 0.044651 
8.350094, 0.044652, 0.044388 
8.359940, 0.044389, 0.044126 
8.369785, 0.044128, 0.043866 
8.379631, 0.043868, 0.043608 
8.389477, 0.043610, 0.043351 
8.399322, 0.043353, 0.043096 
8.409168, 0.043097, 0.042842 
8.419013, 0.042843, 0.042590 
8.428859, 0.042591, 0.042339 
8.438705, 0.042340, 0.042089 
8.448550, 0.042091, 0.041841 
8.458396, 0.041843, 0.041595 
8.468242, 0.041597, 0.041350 
8.478087, 0.041352, 0.041106 
8.487933, 0.041108, 0.040864 
8.497778, 0.040866, 0.040624 
8.507624, 0.040625, 0.040384 
8.517470, 0.040386, 0.040147 
8.527315, 0.040148, 0.039910 
8.537161, 0.039912, 0.039675 
8.547007, 0.039676, 0.039441 
8.556852, 0.039443, 0.039209 
8.566698, 0.039210, 0.038978 
8.576543, 0.038979, 0.038749 
8.586389, 0.038750, 0.038520 
8.596235, 0.038522, 0.038293 
8.606080, 0.038295, 0.038068 
8.615926, 0.038069, 0.037844 
8.625772, 0.037845, 0.037621 
8.635617, 0.037622, 0.037399 
8.645463, 0.037400, 0.037179 
8.655308, 0.037180, 0.036960 
8.665154, 0.036961, 0.036742 
8.675000, 0.036743, 0.036526 
8.684845, 0.036527, 0.036311 
8.694691, 0.036312, 0.036097 
8.704536, 0.036098, 0.035884 
8.714382, 0.035885, 0.035673 
8.724228, 0.035674, 0.035463 
8.734073, 0.035464, 0.035254 
8.743919, 0.035255, 0.035046 
8.753765, 0.035047, 0.034840 
8.763610, 0.034841, 0.034635 
8.773456, 0.034636, 0.034431 
8.783301, 0.034432, 0.034228 
8.793147, 0.034229, 0.034026 
8.802993, 0.034027, 0.033826 
8.812838, 0.033827, 0.033627 
8.822684, 0.033628, 0.033428 
8.832530, 0.033430, 0.033232 
8.842375, 0.033233, 0.033036 
8.852221, 0.033037, 0.032841 
8.862066, 0.032842, 0.032648 
8.871912, 0.032649, 0.032456 
8.881758, 0.032457, 0.032264 
8.891603, 0.032266, 0.032074 
8.901449, 0.032075, 0.031885 
8.911295, 0.031887, 0.031698 
8.921140, 0.031699, 0.031511 
8.930986, 0.031512, 0.031325 
8.940831, 0.031326, 0.031141 
8.950677, 0.031142, 0.030957 
8.960523, 0.030958, 0.030775 
8.970368, 0.030776, 0.030594 
8.980214, 0.030595, 0.030414 
8.990060, 0.030415, 0.030234 
8.999905, 0.030236, 0.030056 
9.009751, 0.030057, 0.029879 
9.019596, 0.029880, 0.029703 
9.029442, 0.029704, 0.029528 
9.039288, 0.029529, 0.029354 
9.049133, 0.029356, 0.029182 
9.058979, 0.029183, 0.029010 
9.068824, 0.029011, 0.028839 
9.078670, 0.028840, 0.028669 
9.088516, 0.028670, 0.028500 
9.098361, 0.028501, 0.028332 
9.108207, 0.028333, 0.028165 
9.118053, 0.028166, 0.027999 
9.127898, 0.028000, 0.027835 
9.137744, 0.027836, 0.027671 
9.147589, 0.027672, 0.027508 
9.157435, 0.027509, 0.027346 
9.167281, 0.027347, 0.027185 
9.177126, 0.027186, 0.027024 
9.186972, 0.027025, 0.026865 
9.196818, 0.026866, 0.026707 
9.206663, 0.026708, 0.026550 
9.216509, 0.026551, 0.026393 
9.226354, 0.026394, 0.026238 
9.236200, 0.026239, 0.026083 
9.246046, 0.026084, 0.025930 
9.255891, 0.025931, 0.025777 
9.265737, 0.025778, 0.025625 
9.275583, 0.025626, 0.025474 
9.285428, 0.025475, 0.025324 
9.295274, 0.025325, 0.025175 
9.305119, 0.025176, 0.025027 
9.314965, 0.025028, 0.024879 
9.324811, 0.024880, 0.024733 
9.334656, 0.024734, 0.024587 
9.344502, 0.024588, 0.024442 
9.354348, 0.024443, 0.024298 
9.364193, 0.024299, 0.024155 
9.374039, 0.024156, 0.024013 
9.383884, 0.024014, 0.023872 
9.393730, 0.023872, 0.023731 
9.403576, 0.023732, 0.023591 
9.413421, 0.023592, 0.023452 
9.423267, 0.023453, 0.023314 
9.433113, 0.023315, 0.023177 
9.442958, 0.023178, 0.023040 
9.452804, 0.023041, 0.022905 
9.462649, 0.022905, 0.022770 
9.472495, 0.022770, 0.022636 
9.482341, 0.022636, 0.022502 
9.492186, 0.022503, 0.022370 
9.502032, 0.022370, 0.022238 
9.511877, 0.022239, 0.022107 
9.521723, 0.022108, 0.021977 
9.531569, 0.021978, 0.021847 
9.541414, 0.021848, 0.021719 
9.551260, 0.021719, 0.021591 
9.561106, 0.021591, 0.021464 
9.570951, 0.021464, 0.021337 
9.580797, 0.021338, 0.021211 
9.590642, 0.021212, 0.021086 
9.600488, 0.021087, 0.020962 
9.610334, 0.020963, 0.020839 
9.620179, 0.020840, 0.020716 
9.630025, 0.020717, 0.020594 
9.639871, 0.020595, 0.020473 
9.649716, 0.020473, 0.020352 
9.659562, 0.020353, 0.020232 
9.669407, 0.020233, 0.020113 
9.679253, 0.020114, 0.019995 
9.689099, 0.019995, 0.019877 
9.698944, 0.019878, 0.019760 
9.708790, 0.019761, 0.019643 
9.718636, 0.019644, 0.019528 
9.728481, 0.019528, 0.019413 
9.738327, 0.019413, 0.019298 
9.748172, 0.019299, 0.019185 
9.758018, 0.019185, 0.019072 
9.767864, 0.019072, 0.018959 
9.777709, 0.018960, 0.018848 
9.787555, 0.018848, 0.018737 
9.797401, 0.018737, 0.018626 
9.807246, 0.018627, 0.018517 
9.817092, 0.018517, 0.018408 
9.826937, 0.018408, 0.018299 
9.836783, 0.018300, 0.018191 
9.846629, 0.018192, 0.018084 
9.856474, 0.018085, 0.017978 
9.866320, 0.017978, 0.017872 
9.876166, 0.017872, 0.017767 
9.886011, 0.017767, 0.017662 
9.895857, 0.017663, 0.017558 
9.905702, 0.017559, 0.017454 
9.915548, 0.017455, 0.017352 
9.925394, 0.017352, 0.017249 
9.935239, 0.017250, 0.017148 
9.945085, 0.017148, 0.017047 
9.954930, 0.017047, 0.016946 
9.964776, 0.016947, 0.016847 
9.974622, 0.016847, 0.016747 
9.984467, 0.016748, 0.016649 
9.994313, 0.016649, 0.016551 
## the total number of function calls made were 3372 
