0, 0.000200 
1, 0.000400 
2, 0.000599 
3, 0.000799 
4, 0.000999 
5, 0.001199 
6, 0.001399 
7, 0.001598 
8, 0.001798 
9, 0.001998 
10, 0.002198 
11, 0.002398 
12, 0.002598 
13, 0.002797 
14, 0.002997 
15, 0.003197 
16, 0.003397 
17, 0.003597 
18, 0.003796 
19, 0.003996 
20, 0.004196 
21, 0.004396 
22, 0.004596 
23, 0.004795 
24, 0.004995 
25, 0.005195 
26, 0.005395 
27, 0.005595 
28, 0.005794 
29, 0.005994 
30, 0.006194 
31, 0.006394 
32, 0.006594 
33, 0.006793 
34, 0.006993 
35, 0.007193 
36, 0.007393 
37, 0.007593 
38, 0.007792 
39, 0.007992 
40, 0.008192 
41, 0.008392 
42, 0.008592 
43, 0.008791 
44, 0.008991 
45, 0.009191 
46, 0.009391 
47, 0.009591 
48, 0.009790 
49, 0.009990 
50, 0.010190 
51, 0.010390 
52, 0.010589 
53, 0.010789 
54, 0.010989 
55, 0.011189 
56, 0.011389 
57, 0.011588 
58, 0.011788 
59, 0.011988 
60, 0.012188 
61, 0.012387 
62, 0.012587 
63, 0.012787 
64, 0.012987 
65, 0.013186 
66, 0.013386 
67, 0.013586 
68, 0.013786 
69, 0.013985 
70, 0.014185 
71, 0.014385 
72, 0.014585 
73, 0.014784 
74, 0.014984 
75, 0.015184 
76, 0.015384 
77, 0.015583 
78, 0.015783 
79, 0.015983 
80, 0.016183 
81, 0.016382 
82, 0.016582 
83, 0.016782 
84, 0.016982 
85, 0.017181 
86, 0.017381 
87, 0.017581 
88, 0.017780 
89, 0.017980 
90, 0.018180 
91, 0.018380 
92, 0.018579 
93, 0.018779 
94, 0.018979 
95, 0.019178 
96, 0.019378 
97, 0.019578 
98, 0.019778 
99, 0.019977 
100, 0.020177 
101, 0.020377 
102, 0.020576 
103, 0.020776 
104, 0.020976 
105, 0.021175 
106, 0.021375 
107, 0.021575 
108, 0.021774 
109, 0.021974 
110, 0.022174 
111, 0.022373 
112, 0.022573 
113, 0.022773 
114, 0.022972 
115, 0.023172 
116, 0.023372 
117, 0.023571 
118, 0.023771 
119, 0.023971 
120, 0.024170 
121, 0.024370 
122, 0.024569 
123, 0.024769 
124, 0.024969 
125, 0.025168 
126, 0.025368 
127, 0.025568 
128, 0.025767 
129, 0.025967 
130, 0.026166 
131, 0.026366 
132, 0.026566 
133, 0.026765 
134, 0.026965 
135, 0.027164 
136, 0.027364 
137, 0.027564 
138, 0.027763 
139, 0.027963 
140, 0.028162 
141, 0.028362 
142, 0.028561 
143, 0.028761 
144, 0.028960 
145, 0.029160 
146, 0.029360 
147, 0.029559 
148, 0.029759 
149, 0.029958 
150, 0.030158 
151, 0.030357 
152, 0.030557 
153, 0.030756 
154, 0.030956 
155, 0.031155 
156, 0.031355 
157, 0.031554 
158, 0.031754 
159, 0.031953 
160, 0.032153 
161, 0.032352 
162, 0.032552 
163, 0.032751 
164, 0.032951 
165, 0.033150 
166, 0.033350 
167, 0.033549 
168, 0.033749 
169, 0.033948 
170, 0.034148 
171, 0.034347 
172, 0.034547 
173, 0.034746 
174, 0.034945 
175, 0.035145 
176, 0.035344 
177, 0.035544 
178, 0.035743 
179, 0.035943 
180, 0.036142 
181, 0.036341 
182, 0.036541 
183, 0.036740 
184, 0.036940 
185, 0.037139 
186, 0.037338 
187, 0.037538 
188, 0.037737 
189, 0.037936 
190, 0.038136 
191, 0.038335 
192, 0.038535 
193, 0.038734 
194, 0.038933 
195, 0.039133 
196, 0.039332 
197, 0.039531 
198, 0.039731 
199, 0.039930 
200, 0.040129 
201, 0.040329 
202, 0.040528 
203, 0.040727 
204, 0.040926 
205, 0.041126 
206, 0.041325 
207, 0.041524 
208, 0.041724 
209, 0.041923 
210, 0.042122 
211, 0.042321 
212, 0.042521 
213, 0.042720 
214, 0.042919 
215, 0.043118 
216, 0.043318 
217, 0.043517 
218, 0.043716 
219, 0.043915 
220, 0.044114 
221, 0.044314 
222, 0.044513 
223, 0.044712 
224, 0.044911 
225, 0.045110 
226, 0.045310 
227, 0.045509 
228, 0.045708 
229, 0.045907 
230, 0.046106 
231, 0.046305 
232, 0.046505 
233, 0.046704 
234, 0.046903 
235, 0.047102 
236, 0.047301 
237, 0.047500 
238, 0.047699 
239, 0.047898 
240, 0.048097 
241, 0.048297 
242, 0.048496 
243, 0.048695 
244, 0.048894 
245, 0.049093 
246, 0.049292 
247, 0.049491 
248, 0.049690 
249, 0.049889 
250, 0.050088 
251, 0.050287 
252, 0.050486 
253, 0.050685 
254, 0.050884 
255, 0.051083 
256, 0.051282 
257, 0.051481 
258, 0.051680 
259, 0.051879 
260, 0.052078 
261, 0.052277 
262, 0.052476 
263, 0.052675 
264, 0.052874 
265, 0.053073 
266, 0.053272 
267, 0.053471 
268, 0.053670 
269, 0.053868 
270, 0.054067 
271, 0.054266 
272, 0.054465 
273, 0.054664 
274, 0.054863 
275, 0.055062 
276, 0.055261 
277, 0.055459 
278, 0.055658 
279, 0.055857 
280, 0.056056 
281, 0.056255 
282, 0.056454 
283, 0.056652 
284, 0.056851 
285, 0.057050 
286, 0.057249 
287, 0.057447 
288, 0.057646 
289, 0.057845 
290, 0.058044 
291, 0.058243 
292, 0.058441 
293, 0.058640 
294, 0.058839 
295, 0.059037 
296, 0.059236 
297, 0.059435 
298, 0.059634 
299, 0.059832 
300, 0.060031 
301, 0.060230 
302, 0.060428 
303, 0.060627 
304, 0.060826 
305, 0.061024 
306, 0.061223 
307, 0.061421 
308, 0.061620 
309, 0.061819 
310, 0.062017 
311, 0.062216 
312, 0.062414 
313, 0.062613 
314, 0.062812 
315, 0.063010 
316, 0.063209 
317, 0.063407 
318, 0.063606 
319, 0.063804 
320, 0.064003 
321, 0.064201 
322, 0.064400 
323, 0.064598 
324, 0.064797 
325, 0.064995 
326, 0.065194 
327, 0.065392 
328, 0.065591 
329, 0.065789 
330, 0.065987 
331, 0.066186 
332, 0.066384 
333, 0.066583 
334, 0.066781 
335, 0.066979 
336, 0.067178 
337, 0.067376 
338, 0.067575 
339, 0.067773 
340, 0.067971 
341, 0.068170 
342, 0.068368 
343, 0.068566 
344, 0.068765 
345, 0.068963 
346, 0.069161 
347, 0.069359 
348, 0.069558 
349, 0.069756 
350, 0.069954 
351, 0.070152 
352, 0.070351 
353, 0.070549 
354, 0.070747 
355, 0.070945 
356, 0.071144 
357, 0.071342 
358, 0.071540 
359, 0.071738 
360, 0.071936 
361, 0.072134 
362, 0.072332 
363, 0.072531 
364, 0.072729 
365, 0.072927 
366, 0.073125 
367, 0.073323 
368, 0.073521 
369, 0.073719 
370, 0.073917 
371, 0.074115 
372, 0.074313 
373, 0.074511 
374, 0.074709 
375, 0.074907 
376, 0.075105 
377, 0.075303 
378, 0.075501 
379, 0.075699 
380, 0.075897 
381, 0.076095 
382, 0.076293 
383, 0.076491 
384, 0.076689 
385, 0.076887 
386, 0.077085 
387, 0.077283 
388, 0.077481 
389, 0.077679 
390, 0.077876 
391, 0.078074 
392, 0.078272 
393, 0.078470 
394, 0.078668 
395, 0.078866 
396, 0.079063 
397, 0.079261 
398, 0.079459 
399, 0.079657 
400, 0.079854 
401, 0.080052 
402, 0.080250 
403, 0.080448 
404, 0.080645 
405, 0.080843 
406, 0.081041 
407, 0.081238 
408, 0.081436 
409, 0.081634 
410, 0.081831 
411, 0.082029 
412, 0.082227 
413, 0.082424 
414, 0.082622 
415, 0.082820 
416, 0.083017 
417, 0.083215 
418, 0.083412 
419, 0.083610 
420, 0.083807 
421, 0.084005 
422, 0.084202 
423, 0.084400 
424, 0.084597 
425, 0.084795 
426, 0.084992 
427, 0.085190 
428, 0.085387 
429, 0.085585 
430, 0.085782 
431, 0.085979 
432, 0.086177 
433, 0.086374 
434, 0.086572 
435, 0.086769 
436, 0.086966 
437, 0.087164 
438, 0.087361 
439, 0.087558 
440, 0.087756 
441, 0.087953 
442, 0.088150 
443, 0.088347 
444, 0.088545 
445, 0.088742 
446, 0.088939 
447, 0.089136 
448, 0.089334 
449, 0.089531 
450, 0.089728 
451, 0.089925 
452, 0.090122 
453, 0.090320 
454, 0.090517 
455, 0.090714 
456, 0.090911 
457, 0.091108 
458, 0.091305 
459, 0.091502 
460, 0.091699 
461, 0.091896 
462, 0.092093 
463, 0.092290 
464, 0.092487 
465, 0.092684 
466, 0.092881 
467, 0.093078 
468, 0.093275 
469, 0.093472 
470, 0.093669 
471, 0.093866 
472, 0.094063 
473, 0.094260 
474, 0.094457 
475, 0.094654 
476, 0.094851 
477, 0.095047 
478, 0.095244 
479, 0.095441 
480, 0.095638 
481, 0.095835 
482, 0.096031 
483, 0.096228 
484, 0.096425 
485, 0.096622 
486, 0.096818 
487, 0.097015 
488, 0.097212 
489, 0.097409 
490, 0.097605 
491, 0.097802 
492, 0.097999 
493, 0.098195 
494, 0.098392 
495, 0.098588 
496, 0.098785 
497, 0.098982 
498, 0.099178 
499, 0.099375 
500, 0.099571 
501, 0.099768 
502, 0.099964 
503, 0.100161 
504, 0.100357 
505, 0.100554 
506, 0.100750 
507, 0.100947 
508, 0.101143 
509, 0.101339 
510, 0.101536 
511, 0.101732 
512, 0.101929 
513, 0.102125 
514, 0.102321 
515, 0.102518 
516, 0.102714 
517, 0.102910 
518, 0.103107 
519, 0.103303 
520, 0.103499 
521, 0.103695 
522, 0.103892 
523, 0.104088 
524, 0.104284 
525, 0.104480 
526, 0.104676 
527, 0.104873 
528, 0.105069 
529, 0.105265 
530, 0.105461 
531, 0.105657 
532, 0.105853 
533, 0.106049 
534, 0.106245 
535, 0.106441 
536, 0.106637 
537, 0.106833 
538, 0.107029 
539, 0.107225 
540, 0.107421 
541, 0.107617 
542, 0.107813 
543, 0.108009 
544, 0.108205 
545, 0.108401 
546, 0.108597 
547, 0.108793 
548, 0.108988 
549, 0.109184 
550, 0.109380 
551, 0.109576 
552, 0.109772 
553, 0.109967 
554, 0.110163 
555, 0.110359 
556, 0.110555 
557, 0.110750 
558, 0.110946 
559, 0.111142 
560, 0.111337 
561, 0.111533 
562, 0.111729 
563, 0.111924 
564, 0.112120 
565, 0.112316 
566, 0.112511 
567, 0.112707 
568, 0.112902 
569, 0.113098 
570, 0.113293 
571, 0.113489 
572, 0.113684 
573, 0.113880 
574, 0.114075 
575, 0.114271 
576, 0.114466 
577, 0.114661 
578, 0.114857 
579, 0.115052 
580, 0.115247 
581, 0.115443 
582, 0.115638 
583, 0.115833 
584, 0.116029 
585, 0.116224 
586, 0.116419 
587, 0.116614 
588, 0.116810 
589, 0.117005 
590, 0.117200 
591, 0.117395 
592, 0.117590 
593, 0.117785 
594, 0.117981 
595, 0.118176 
596, 0.118371 
597, 0.118566 
598, 0.118761 
599, 0.118956 
600, 0.119151 
601, 0.119346 
602, 0.119541 
603, 0.119736 
604, 0.119931 
605, 0.120126 
606, 0.120321 
607, 0.120516 
608, 0.120710 
609, 0.120905 
610, 0.121100 
611, 0.121295 
612, 0.121490 
613, 0.121685 
614, 0.121879 
615, 0.122074 
616, 0.122269 
617, 0.122464 
618, 0.122658 
619, 0.122853 
620, 0.123048 
621, 0.123242 
622, 0.123437 
623, 0.123632 
624, 0.123826 
625, 0.124021 
626, 0.124215 
627, 0.124410 
628, 0.124604 
629, 0.124799 
630, 0.124993 
631, 0.125188 
632, 0.125382 
633, 0.125577 
634, 0.125771 
635, 0.125966 
636, 0.126160 
637, 0.126354 
638, 0.126549 
639, 0.126743 
640, 0.126937 
641, 0.127132 
642, 0.127326 
643, 0.127520 
644, 0.127714 
645, 0.127909 
646, 0.128103 
647, 0.128297 
648, 0.128491 
649, 0.128685 
650, 0.128879 
651, 0.129074 
652, 0.129268 
653, 0.129462 
654, 0.129656 
655, 0.129850 
656, 0.130044 
657, 0.130238 
658, 0.130432 
659, 0.130626 
660, 0.130820 
661, 0.131014 
662, 0.131208 
663, 0.131401 
664, 0.131595 
665, 0.131789 
666, 0.131983 
667, 0.132177 
668, 0.132371 
669, 0.132564 
670, 0.132758 
671, 0.132952 
672, 0.133146 
673, 0.133339 
674, 0.133533 
675, 0.133727 
676, 0.133920 
677, 0.134114 
678, 0.134307 
679, 0.134501 
680, 0.134695 
681, 0.134888 
682, 0.135082 
683, 0.135275 
684, 0.135469 
685, 0.135662 
686, 0.135856 
687, 0.136049 
688, 0.136242 
689, 0.136436 
690, 0.136629 
691, 0.136822 
692, 0.137016 
693, 0.137209 
694, 0.137402 
695, 0.137596 
696, 0.137789 
697, 0.137982 
698, 0.138175 
699, 0.138369 
700, 0.138562 
701, 0.138755 
702, 0.138948 
703, 0.139141 
704, 0.139334 
705, 0.139527 
706, 0.139720 
707, 0.139913 
708, 0.140106 
709, 0.140299 
710, 0.140492 
711, 0.140685 
712, 0.140878 
713, 0.141071 
714, 0.141264 
715, 0.141457 
716, 0.141650 
717, 0.141842 
718, 0.142035 
719, 0.142228 
720, 0.142421 
721, 0.142613 
722, 0.142806 
723, 0.142999 
724, 0.143191 
725, 0.143384 
726, 0.143577 
727, 0.143769 
728, 0.143962 
729, 0.144154 
730, 0.144347 
731, 0.144540 
732, 0.144732 
733, 0.144925 
734, 0.145117 
735, 0.145309 
736, 0.145502 
737, 0.145694 
738, 0.145887 
739, 0.146079 
740, 0.146271 
741, 0.146464 
742, 0.146656 
743, 0.146848 
744, 0.147040 
745, 0.147233 
746, 0.147425 
747, 0.147617 
748, 0.147809 
749, 0.148001 
750, 0.148193 
751, 0.148385 
752, 0.148578 
753, 0.148770 
754, 0.148962 
755, 0.149154 
756, 0.149346 
757, 0.149538 
758, 0.149729 
759, 0.149921 
760, 0.150113 
761, 0.150305 
762, 0.150497 
763, 0.150689 
764, 0.150881 
765, 0.151072 
766, 0.151264 
767, 0.151456 
768, 0.151648 
769, 0.151839 
770, 0.152031 
771, 0.152223 
772, 0.152414 
773, 0.152606 
774, 0.152797 
775, 0.152989 
776, 0.153180 
777, 0.153372 
778, 0.153563 
779, 0.153755 
780, 0.153946 
781, 0.154138 
782, 0.154329 
783, 0.154520 
784, 0.154712 
785, 0.154903 
786, 0.155094 
787, 0.155286 
788, 0.155477 
789, 0.155668 
790, 0.155859 
791, 0.156051 
792, 0.156242 
793, 0.156433 
794, 0.156624 
795, 0.156815 
796, 0.157006 
797, 0.157197 
798, 0.157388 
799, 0.157579 
800, 0.157770 
801, 0.157961 
802, 0.158152 
803, 0.158343 
804, 0.158534 
805, 0.158725 
806, 0.158916 
807, 0.159106 
808, 0.159297 
809, 0.159488 
810, 0.159679 
811, 0.159869 
812, 0.160060 
813, 0.160251 
814, 0.160441 
815, 0.160632 
816, 0.160822 
817, 0.161013 
818, 0.161204 
819, 0.161394 
820, 0.161585 
821, 0.161775 
822, 0.161965 
823, 0.162156 
824, 0.162346 
825, 0.162537 
826, 0.162727 
827, 0.162917 
828, 0.163108 
829, 0.163298 
830, 0.163488 
831, 0.163678 
832, 0.163869 
833, 0.164059 
834, 0.164249 
835, 0.164439 
836, 0.164629 
837, 0.164819 
838, 0.165009 
839, 0.165199 
840, 0.165389 
841, 0.165579 
842, 0.165769 
843, 0.165959 
844, 0.166149 
845, 0.166339 
846, 0.166529 
847, 0.166718 
848, 0.166908 
849, 0.167098 
850, 0.167288 
851, 0.167477 
852, 0.167667 
853, 0.167857 
854, 0.168046 
855, 0.168236 
856, 0.168426 
857, 0.168615 
858, 0.168805 
859, 0.168994 
860, 0.169184 
861, 0.169373 
862, 0.169563 
863, 0.169752 
864, 0.169941 
865, 0.170131 
866, 0.170320 
867, 0.170509 
868, 0.170699 
869, 0.170888 
870, 0.171077 
871, 0.171266 
872, 0.171455 
873, 0.171645 
874, 0.171834 
875, 0.172023 
876, 0.172212 
877, 0.172401 
878, 0.172590 
879, 0.172779 
880, 0.172968 
881, 0.173157 
882, 0.173346 
883, 0.173535 
884, 0.173723 
885, 0.173912 
886, 0.174101 
887, 0.174290 
888, 0.174479 
889, 0.174667 
890, 0.174856 
891, 0.175045 
892, 0.175233 
893, 0.175422 
894, 0.175610 
895, 0.175799 
896, 0.175988 
897, 0.176176 
898, 0.176365 
899, 0.176553 
900, 0.176741 
901, 0.176930 
902, 0.177118 
903, 0.177306 
904, 0.177495 
905, 0.177683 
906, 0.177871 
907, 0.178060 
908, 0.178248 
909, 0.178436 
910, 0.178624 
911, 0.178812 
912, 0.179000 
913, 0.179188 
914, 0.179376 
915, 0.179564 
916, 0.179752 
917, 0.179940 
918, 0.180128 
919, 0.180316 
920, 0.180504 
921, 0.180692 
922, 0.180880 
923, 0.181067 
924, 0.181255 
925, 0.181443 
926, 0.181631 
927, 0.181818 
928, 0.182006 
929, 0.182193 
930, 0.182381 
931, 0.182569 
932, 0.182756 
933, 0.182944 
934, 0.183131 
935, 0.183318 
936, 0.183506 
937, 0.183693 
938, 0.183881 
939, 0.184068 
940, 0.184255 
941, 0.184443 
942, 0.184630 
943, 0.184817 
944, 0.185004 
945, 0.185191 
946, 0.185378 
947, 0.185565 
948, 0.185753 
949, 0.185940 
950, 0.186127 
951, 0.186314 
952, 0.186500 
953, 0.186687 
954, 0.186874 
955, 0.187061 
956, 0.187248 
957, 0.187435 
958, 0.187622 
959, 0.187808 
960, 0.187995 
961, 0.188182 
962, 0.188368 
963, 0.188555 
964, 0.188741 
965, 0.188928 
966, 0.189115 
967, 0.189301 
968, 0.189488 
969, 0.189674 
970, 0.189860 
971, 0.190047 
972, 0.190233 
973, 0.190419 
974, 0.190606 
975, 0.190792 
976, 0.190978 
977, 0.191164 
978, 0.191351 
979, 0.191537 
980, 0.191723 
981, 0.191909 
982, 0.192095 
983, 0.192281 
984, 0.192467 
985, 0.192653 
986, 0.192839 
987, 0.193025 
988, 0.193211 
989, 0.193396 
990, 0.193582 
991, 0.193768 
992, 0.193954 
993, 0.194139 
994, 0.194325 
995, 0.194511 
996, 0.194696 
997, 0.194882 
998, 0.195067 
999, 0.195253 
1000, 0.195438 
1001, 0.195624 
1002, 0.195809 
1003, 0.195995 
1004, 0.196180 
1005, 0.196365 
1006, 0.196551 
1007, 0.196736 
1008, 0.196921 
1009, 0.197106 
1010, 0.197292 
1011, 0.197477 
1012, 0.197662 
1013, 0.197847 
1014, 0.198032 
1015, 0.198217 
1016, 0.198402 
1017, 0.198587 
1018, 0.198772 
1019, 0.198957 
1020, 0.199142 
1021, 0.199326 
1022, 0.199511 
1023, 0.199696 
1024, 0.199881 
1025, 0.200065 
1026, 0.200250 
1027, 0.200435 
1028, 0.200619 
1029, 0.200804 
1030, 0.200988 
1031, 0.201173 
1032, 0.201357 
1033, 0.201542 
1034, 0.201726 
1035, 0.201911 
1036, 0.202095 
1037, 0.202279 
1038, 0.202464 
1039, 0.202648 
1040, 0.202832 
1041, 0.203016 
1042, 0.203200 
1043, 0.203384 
1044, 0.203569 
1045, 0.203753 
1046, 0.203937 
1047, 0.204121 
1048, 0.204305 
1049, 0.204488 
1050, 0.204672 
1051, 0.204856 
1052, 0.205040 
1053, 0.205224 
1054, 0.205407 
1055, 0.205591 
1056, 0.205775 
1057, 0.205959 
1058, 0.206142 
1059, 0.206326 
1060, 0.206509 
1061, 0.206693 
1062, 0.206876 
1063, 0.207060 
1064, 0.207243 
1065, 0.207426 
1066, 0.207610 
1067, 0.207793 
1068, 0.207976 
1069, 0.208160 
1070, 0.208343 
1071, 0.208526 
1072, 0.208709 
1073, 0.208892 
1074, 0.209075 
1075, 0.209258 
1076, 0.209441 
1077, 0.209624 
1078, 0.209807 
1079, 0.209990 
1080, 0.210173 
1081, 0.210356 
1082, 0.210539 
1083, 0.210721 
1084, 0.210904 
1085, 0.211087 
1086, 0.211269 
1087, 0.211452 
1088, 0.211635 
1089, 0.211817 
1090, 0.212000 
1091, 0.212182 
1092, 0.212365 
1093, 0.212547 
1094, 0.212729 
1095, 0.212912 
1096, 0.213094 
1097, 0.213276 
1098, 0.213459 
1099, 0.213641 
1100, 0.213823 
1101, 0.214005 
1102, 0.214187 
1103, 0.214369 
1104, 0.214551 
1105, 0.214733 
1106, 0.214915 
1107, 0.215097 
1108, 0.215279 
1109, 0.215461 
1110, 0.215643 
1111, 0.215824 
1112, 0.216006 
1113, 0.216188 
1114, 0.216370 
1115, 0.216551 
1116, 0.216733 
1117, 0.216914 
1118, 0.217096 
1119, 0.217277 
1120, 0.217459 
1121, 0.217640 
1122, 0.217822 
1123, 0.218003 
1124, 0.218184 
1125, 0.218366 
1126, 0.218547 
1127, 0.218728 
1128, 0.218909 
1129, 0.219090 
1130, 0.219271 
1131, 0.219452 
1132, 0.219633 
1133, 0.219814 
1134, 0.219995 
1135, 0.220176 
1136, 0.220357 
1137, 0.220538 
1138, 0.220719 
1139, 0.220900 
1140, 0.221080 
1141, 0.221261 
1142, 0.221442 
1143, 0.221622 
1144, 0.221803 
1145, 0.221983 
1146, 0.222164 
1147, 0.222344 
1148, 0.222525 
1149, 0.222705 
1150, 0.222885 
1151, 0.223066 
1152, 0.223246 
1153, 0.223426 
1154, 0.223606 
1155, 0.223787 
1156, 0.223967 
1157, 0.224147 
1158, 0.224327 
1159, 0.224507 
1160, 0.224687 
1161, 0.224867 
1162, 0.225047 
1163, 0.225227 
1164, 0.225406 
1165, 0.225586 
1166, 0.225766 
1167, 0.225946 
1168, 0.226125 
1169, 0.226305 
1170, 0.226485 
1171, 0.226664 
1172, 0.226844 
1173, 0.227023 
1174, 0.227203 
1175, 0.227382 
1176, 0.227561 
1177, 0.227741 
1178, 0.227920 
1179, 0.228099 
1180, 0.228278 
1181, 0.228458 
1182, 0.228637 
1183, 0.228816 
1184, 0.228995 
1185, 0.229174 
1186, 0.229353 
1187, 0.229532 
1188, 0.229711 
1189, 0.229890 
1190, 0.230068 
1191, 0.230247 
1192, 0.230426 
1193, 0.230605 
1194, 0.230783 
1195, 0.230962 
1196, 0.231140 
1197, 0.231319 
1198, 0.231498 
1199, 0.231676 
1200, 0.231854 
1201, 0.232033 
1202, 0.232211 
1203, 0.232389 
1204, 0.232568 
1205, 0.232746 
1206, 0.232924 
1207, 0.233102 
1208, 0.233280 
1209, 0.233459 
1210, 0.233637 
1211, 0.233815 
1212, 0.233993 
1213, 0.234170 
1214, 0.234348 
1215, 0.234526 
1216, 0.234704 
1217, 0.234882 
1218, 0.235059 
1219, 0.235237 
1220, 0.235415 
1221, 0.235592 
1222, 0.235770 
1223, 0.235947 
1224, 0.236125 
1225, 0.236302 
1226, 0.236480 
1227, 0.236657 
1228, 0.236834 
1229, 0.237012 
1230, 0.237189 
1231, 0.237366 
1232, 0.237543 
1233, 0.237720 
1234, 0.237897 
1235, 0.238074 
1236, 0.238251 
1237, 0.238428 
1238, 0.238605 
1239, 0.238782 
1240, 0.238959 
1241, 0.239136 
1242, 0.239312 
1243, 0.239489 
1244, 0.239666 
1245, 0.239842 
1246, 0.240019 
1247, 0.240195 
1248, 0.240372 
1249, 0.240548 
1250, 0.240725 
1251, 0.240901 
1252, 0.241077 
1253, 0.241254 
1254, 0.241430 
1255, 0.241606 
1256, 0.241782 
1257, 0.241958 
1258, 0.242134 
1259, 0.242310 
1260, 0.242486 
1261, 0.242662 
1262, 0.242838 
1263, 0.243014 
1264, 0.243190 
1265, 0.243366 
1266, 0.243541 
1267, 0.243717 
1268, 0.243893 
1269, 0.244068 
1270, 0.244244 
1271, 0.244419 
1272, 0.244595 
1273, 0.244770 
1274, 0.244946 
1275, 0.245121 
1276, 0.245296 
1277, 0.245472 
1278, 0.245647 
1279, 0.245822 
1280, 0.245997 
1281, 0.246172 
1282, 0.246347 
1283, 0.246522 
1284, 0.246697 
1285, 0.246872 
1286, 0.247047 
1287, 0.247222 
1288, 0.247397 
1289, 0.247571 
1290, 0.247746 
1291, 0.247921 
1292, 0.248095 
1293, 0.248270 
1294, 0.248444 
1295, 0.248619 
1296, 0.248793 
1297, 0.248968 
1298, 0.249142 
1299, 0.249316 
1300, 0.249491 
1301, 0.249665 
1302, 0.249839 
1303, 0.250013 
1304, 0.250187 
1305, 0.250361 
1306, 0.250535 
1307, 0.250709 
1308, 0.250883 
1309, 0.251057 
1310, 0.251231 
1311, 0.251405 
1312, 0.251578 
1313, 0.251752 
1314, 0.251926 
1315, 0.252099 
1316, 0.252273 
1317, 0.252446 
1318, 0.252620 
1319, 0.252793 
1320, 0.252967 
1321, 0.253140 
1322, 0.253313 
1323, 0.253486 
1324, 0.253660 
1325, 0.253833 
1326, 0.254006 
1327, 0.254179 
1328, 0.254352 
1329, 0.254525 
1330, 0.254698 
1331, 0.254871 
1332, 0.255044 
1333, 0.255216 
1334, 0.255389 
1335, 0.255562 
1336, 0.255734 
1337, 0.255907 
1338, 0.256080 
1339, 0.256252 
1340, 0.256425 
1341, 0.256597 
1342, 0.256769 
1343, 0.256942 
1344, 0.257114 
1345, 0.257286 
1346, 0.257458 
1347, 0.257631 
1348, 0.257803 
1349, 0.257975 
1350, 0.258147 
1351, 0.258319 
1352, 0.258491 
1353, 0.258662 
1354, 0.258834 
1355, 0.259006 
1356, 0.259178 
1357, 0.259349 
1358, 0.259521 
1359, 0.259693 
1360, 0.259864 
1361, 0.260036 
1362, 0.260207 
1363, 0.260379 
1364, 0.260550 
1365, 0.260721 
1366, 0.260892 
1367, 0.261064 
1368, 0.261235 
1369, 0.261406 
1370, 0.261577 
1371, 0.261748 
1372, 0.261919 
1373, 0.262090 
1374, 0.262261 
1375, 0.262432 
1376, 0.262603 
1377, 0.262773 
1378, 0.262944 
1379, 0.263115 
1380, 0.263285 
1381, 0.263456 
1382, 0.263626 
1383, 0.263797 
1384, 0.263967 
1385, 0.264138 
1386, 0.264308 
1387, 0.264478 
1388, 0.264648 
1389, 0.264818 
1390, 0.264989 
1391, 0.265159 
1392, 0.265329 
1393, 0.265499 
1394, 0.265669 
1395, 0.265838 
1396, 0.266008 
1397, 0.266178 
1398, 0.266348 
1399, 0.266518 
1400, 0.266687 
1401, 0.266857 
1402, 0.267026 
1403, 0.267196 
1404, 0.267365 
1405, 0.267535 
1406, 0.267704 
1407, 0.267873 
1408, 0.268043 
1409, 0.268212 
1410, 0.268381 
1411, 0.268550 
1412, 0.268719 
1413, 0.268888 
1414, 0.269057 
1415, 0.269226 
1416, 0.269395 
1417, 0.269564 
1418, 0.269732 
1419, 0.269901 
1420, 0.270070 
1421, 0.270238 
1422, 0.270407 
1423, 0.270575 
1424, 0.270744 
1425, 0.270912 
1426, 0.271081 
1427, 0.271249 
1428, 0.271417 
1429, 0.271585 
1430, 0.271754 
1431, 0.271922 
1432, 0.272090 
1433, 0.272258 
1434, 0.272426 
1435, 0.272594 
1436, 0.272761 
1437, 0.272929 
1438, 0.273097 
1439, 0.273265 
1440, 0.273432 
1441, 0.273600 
1442, 0.273768 
1443, 0.273935 
1444, 0.274103 
1445, 0.274270 
1446, 0.274437 
1447, 0.274605 
1448, 0.274772 
1449, 0.274939 
1450, 0.275106 
1451, 0.275273 
1452, 0.275440 
1453, 0.275607 
1454, 0.275774 
1455, 0.275941 
1456, 0.276108 
1457, 0.276275 
1458, 0.276442 
1459, 0.276608 
1460, 0.276775 
1461, 0.276942 
1462, 0.277108 
1463, 0.277275 
1464, 0.277441 
1465, 0.277607 
1466, 0.277774 
1467, 0.277940 
1468, 0.278106 
1469, 0.278272 
1470, 0.278438 
1471, 0.278605 
1472, 0.278771 
1473, 0.278937 
1474, 0.279102 
1475, 0.279268 
1476, 0.279434 
1477, 0.279600 
1478, 0.279766 
1479, 0.279931 
1480, 0.280097 
1481, 0.280262 
1482, 0.280428 
1483, 0.280593 
1484, 0.280759 
1485, 0.280924 
1486, 0.281089 
1487, 0.281255 
1488, 0.281420 
1489, 0.281585 
1490, 0.281750 
1491, 0.281915 
1492, 0.282080 
1493, 0.282245 
1494, 0.282410 
1495, 0.282575 
1496, 0.282739 
1497, 0.282904 
1498, 0.283069 
1499, 0.283233 
1500, 0.283398 
1501, 0.283562 
1502, 0.283727 
1503, 0.283891 
1504, 0.284055 
1505, 0.284220 
1506, 0.284384 
1507, 0.284548 
1508, 0.284712 
1509, 0.284876 
1510, 0.285040 
1511, 0.285204 
1512, 0.285368 
1513, 0.285532 
1514, 0.285696 
1515, 0.285860 
1516, 0.286023 
1517, 0.286187 
1518, 0.286350 
1519, 0.286514 
1520, 0.286677 
1521, 0.286841 
1522, 0.287004 
1523, 0.287167 
1524, 0.287331 
1525, 0.287494 
1526, 0.287657 
1527, 0.287820 
1528, 0.287983 
1529, 0.288146 
1530, 0.288309 
1531, 0.288472 
1532, 0.288635 
1533, 0.288797 
1534, 0.288960 
1535, 0.289123 
1536, 0.289285 
1537, 0.289448 
1538, 0.289610 
1539, 0.289773 
1540, 0.289935 
1541, 0.290098 
1542, 0.290260 
1543, 0.290422 
1544, 0.290584 
1545, 0.290746 
1546, 0.290908 
1547, 0.291070 
1548, 0.291232 
1549, 0.291394 
1550, 0.291556 
1551, 0.291718 
1552, 0.291879 
1553, 0.292041 
1554, 0.292203 
1555, 0.292364 
1556, 0.292526 
1557, 0.292687 
1558, 0.292848 
1559, 0.293010 
1560, 0.293171 
1561, 0.293332 
1562, 0.293493 
1563, 0.293654 
1564, 0.293815 
1565, 0.293976 
1566, 0.294137 
1567, 0.294298 
1568, 0.294459 
1569, 0.294620 
1570, 0.294780 
1571, 0.294941 
1572, 0.295101 
1573, 0.295262 
1574, 0.295422 
1575, 0.295583 
1576, 0.295743 
1577, 0.295903 
1578, 0.296064 
1579, 0.296224 
1580, 0.296384 
1581, 0.296544 
1582, 0.296704 
1583, 0.296864 
1584, 0.297024 
1585, 0.297184 
1586, 0.297343 
1587, 0.297503 
1588, 0.297663 
1589, 0.297822 
1590, 0.297982 
1591, 0.298141 
1592, 0.298301 
1593, 0.298460 
1594, 0.298620 
1595, 0.298779 
1596, 0.298938 
1597, 0.299097 
1598, 0.299256 
1599, 0.299415 
1600, 0.299574 
1601, 0.299733 
1602, 0.299892 
1603, 0.300051 
1604, 0.300209 
1605, 0.300368 
1606, 0.300527 
1607, 0.300685 
1608, 0.300844 
1609, 0.301002 
1610, 0.301160 
1611, 0.301319 
1612, 0.301477 
1613, 0.301635 
1614, 0.301793 
1615, 0.301951 
1616, 0.302109 
1617, 0.302267 
1618, 0.302425 
1619, 0.302583 
1620, 0.302741 
1621, 0.302899 
1622, 0.303056 
1623, 0.303214 
1624, 0.303371 
1625, 0.303529 
1626, 0.303686 
1627, 0.303844 
1628, 0.304001 
1629, 0.304158 
1630, 0.304315 
1631, 0.304472 
1632, 0.304629 
1633, 0.304786 
1634, 0.304943 
1635, 0.305100 
1636, 0.305257 
1637, 0.305414 
1638, 0.305571 
1639, 0.305727 
1640, 0.305884 
1641, 0.306040 
1642, 0.306197 
1643, 0.306353 
1644, 0.306509 
1645, 0.306666 
1646, 0.306822 
1647, 0.306978 
1648, 0.307134 
1649, 0.307290 
1650, 0.307446 
1651, 0.307602 
1652, 0.307758 
1653, 0.307914 
1654, 0.308069 
1655, 0.308225 
1656, 0.308381 
1657, 0.308536 
1658, 0.308692 
1659, 0.308847 
1660, 0.309002 
1661, 0.309158 
1662, 0.309313 
1663, 0.309468 
1664, 0.309623 
1665, 0.309778 
1666, 0.309933 
1667, 0.310088 
1668, 0.310243 
1669, 0.310398 
1670, 0.310553 
1671, 0.310707 
1672, 0.310862 
1673, 0.311016 
1674, 0.311171 
1675, 0.311325 
1676, 0.311480 
1677, 0.311634 
1678, 0.311788 
1679, 0.311942 
1680, 0.312096 
1681, 0.312250 
1682, 0.312404 
1683, 0.312558 
1684, 0.312712 
1685, 0.312866 
1686, 0.313020 
1687, 0.313173 
1688, 0.313327 
1689, 0.313481 
1690, 0.313634 
1691, 0.313787 
1692, 0.313941 
1693, 0.314094 
1694, 0.314247 
1695, 0.314401 
1696, 0.314554 
1697, 0.314707 
1698, 0.314860 
1699, 0.315013 
1700, 0.315165 
1701, 0.315318 
1702, 0.315471 
1703, 0.315624 
1704, 0.315776 
1705, 0.315929 
1706, 0.316081 
1707, 0.316233 
1708, 0.316386 
1709, 0.316538 
1710, 0.316690 
1711, 0.316842 
1712, 0.316995 
1713, 0.317147 
1714, 0.317298 
1715, 0.317450 
1716, 0.317602 
1717, 0.317754 
1718, 0.317906 
1719, 0.318057 
1720, 0.318209 
1721, 0.318360 
1722, 0.318512 
1723, 0.318663 
1724, 0.318814 
1725, 0.318966 
1726, 0.319117 
1727, 0.319268 
1728, 0.319419 
1729, 0.319570 
1730, 0.319721 
1731, 0.319872 
1732, 0.320022 
1733, 0.320173 
1734, 0.320324 
1735, 0.320474 
1736, 0.320625 
1737, 0.320775 
1738, 0.320926 
1739, 0.321076 
1740, 0.321226 
1741, 0.321376 
1742, 0.321527 
1743, 0.321677 
1744, 0.321827 
1745, 0.321977 
1746, 0.322126 
1747, 0.322276 
1748, 0.322426 
1749, 0.322576 
1750, 0.322725 
1751, 0.322875 
1752, 0.323024 
1753, 0.323174 
1754, 0.323323 
1755, 0.323472 
1756, 0.323621 
1757, 0.323770 
1758, 0.323919 
1759, 0.324068 
1760, 0.324217 
1761, 0.324366 
1762, 0.324515 
1763, 0.324664 
1764, 0.324812 
1765, 0.324961 
1766, 0.325110 
1767, 0.325258 
1768, 0.325406 
1769, 0.325555 
1770, 0.325703 
1771, 0.325851 
1772, 0.325999 
1773, 0.326147 
1774, 0.326295 
1775, 0.326443 
1776, 0.326591 
1777, 0.326739 
1778, 0.326886 
1779, 0.327034 
1780, 0.327182 
1781, 0.327329 
1782, 0.327477 
1783, 0.327624 
1784, 0.327771 
1785, 0.327919 
1786, 0.328066 
1787, 0.328213 
1788, 0.328360 
1789, 0.328507 
1790, 0.328654 
1791, 0.328800 
1792, 0.328947 
1793, 0.329094 
1794, 0.329240 
1795, 0.329387 
1796, 0.329534 
1797, 0.329680 
1798, 0.329826 
1799, 0.329973 
1800, 0.330119 
1801, 0.330265 
1802, 0.330411 
1803, 0.330557 
1804, 0.330703 
1805, 0.330849 
1806, 0.330994 
1807, 0.331140 
1808, 0.331286 
1809, 0.331431 
1810, 0.331577 
1811, 0.331722 
1812, 0.331868 
1813, 0.332013 
1814, 0.332158 
1815, 0.332303 
1816, 0.332448 
1817, 0.332593 
1818, 0.332738 
1819, 0.332883 
1820, 0.333028 
1821, 0.333173 
1822, 0.333317 
1823, 0.333462 
1824, 0.333606 
1825, 0.333751 
1826, 0.333895 
1827, 0.334040 
1828, 0.334184 
1829, 0.334328 
1830, 0.334472 
1831, 0.334616 
1832, 0.334760 
1833, 0.334904 
1834, 0.335048 
1835, 0.335191 
1836, 0.335335 
1837, 0.335479 
1838, 0.335622 
1839, 0.335766 
1840, 0.335909 
1841, 0.336052 
1842, 0.336196 
1843, 0.336339 
1844, 0.336482 
1845, 0.336625 
1846, 0.336768 
1847, 0.336911 
1848, 0.337054 
1849, 0.337196 
1850, 0.337339 
1851, 0.337482 
1852, 0.337624 
1853, 0.337767 
1854, 0.337909 
1855, 0.338051 
1856, 0.338193 
1857, 0.338336 
1858, 0.338478 
1859, 0.338620 
1860, 0.338762 
1861, 0.338903 
1862, 0.339045 
1863, 0.339187 
1864, 0.339329 
1865, 0.339470 
1866, 0.339612 
1867, 0.339753 
1868, 0.339894 
1869, 0.340036 
1870, 0.340177 
1871, 0.340318 
1872, 0.340459 
1873, 0.340600 
1874, 0.340741 
1875, 0.340882 
1876, 0.341023 
1877, 0.341163 
1878, 0.341304 
1879, 0.341445 
1880, 0.341585 
1881, 0.341725 
1882, 0.341866 
1883, 0.342006 
1884, 0.342146 
1885, 0.342286 
1886, 0.342426 
1887, 0.342566 
1888, 0.342706 
1889, 0.342846 
1890, 0.342986 
1891, 0.343125 
1892, 0.343265 
1893, 0.343404 
1894, 0.343544 
1895, 0.343683 
1896, 0.343822 
1897, 0.343962 
1898, 0.344101 
1899, 0.344240 
1900, 0.344379 
1901, 0.344518 
1902, 0.344657 
1903, 0.344795 
1904, 0.344934 
1905, 0.345073 
1906, 0.345211 
1907, 0.345350 
1908, 0.345488 
1909, 0.345626 
1910, 0.345764 
1911, 0.345903 
1912, 0.346041 
1913, 0.346179 
1914, 0.346317 
1915, 0.346454 
1916, 0.346592 
1917, 0.346730 
1918, 0.346868 
1919, 0.347005 
1920, 0.347143 
1921, 0.347280 
1922, 0.347417 
1923, 0.347555 
1924, 0.347692 
1925, 0.347829 
1926, 0.347966 
1927, 0.348103 
1928, 0.348240 
1929, 0.348376 
1930, 0.348513 
1931, 0.348650 
1932, 0.348786 
1933, 0.348923 
1934, 0.349059 
1935, 0.349195 
1936, 0.349332 
1937, 0.349468 
1938, 0.349604 
1939, 0.349740 
1940, 0.349876 
1941, 0.350012 
1942, 0.350148 
1943, 0.350283 
1944, 0.350419 
1945, 0.350554 
1946, 0.350690 
1947, 0.350825 
1948, 0.350961 
1949, 0.351096 
1950, 0.351231 
1951, 0.351366 
1952, 0.351501 
1953, 0.351636 
1954, 0.351771 
1955, 0.351906 
1956, 0.352040 
1957, 0.352175 
1958, 0.352309 
1959, 0.352444 
1960, 0.352578 
1961, 0.352713 
1962, 0.352847 
1963, 0.352981 
1964, 0.353115 
1965, 0.353249 
1966, 0.353383 
1967, 0.353517 
1968, 0.353650 
1969, 0.353784 
1970, 0.353918 
1971, 0.354051 
1972, 0.354185 
1973, 0.354318 
1974, 0.354451 
1975, 0.354584 
1976, 0.354717 
1977, 0.354850 
1978, 0.354983 
1979, 0.355116 
1980, 0.355249 
1981, 0.355382 
1982, 0.355514 
1983, 0.355647 
1984, 0.355779 
1985, 0.355912 
1986, 0.356044 
1987, 0.356176 
1988, 0.356308 
1989, 0.356441 
1990, 0.356573 
1991, 0.356704 
1992, 0.356836 
1993, 0.356968 
1994, 0.357100 
1995, 0.357231 
1996, 0.357363 
1997, 0.357494 
1998, 0.357626 
1999, 0.357757 
2000, 0.357888 
2001, 0.358019 
2002, 0.358150 
2003, 0.358281 
2004, 0.358412 
2005, 0.358543 
2006, 0.358673 
2007, 0.358804 
2008, 0.358934 
2009, 0.359065 
2010, 0.359195 
2011, 0.359326 
2012, 0.359456 
2013, 0.359586 
2014, 0.359716 
2015, 0.359846 
2016, 0.359976 
2017, 0.360106 
2018, 0.360235 
2019, 0.360365 
2020, 0.360494 
2021, 0.360624 
2022, 0.360753 
2023, 0.360883 
2024, 0.361012 
2025, 0.361141 
2026, 0.361270 
2027, 0.361399 
2028, 0.361528 
2029, 0.361657 
2030, 0.361785 
2031, 0.361914 
2032, 0.362043 
2033, 0.362171 
2034, 0.362299 
2035, 0.362428 
2036, 0.362556 
2037, 0.362684 
2038, 0.362812 
2039, 0.362940 
2040, 0.363068 
2041, 0.363196 
2042, 0.363323 
2043, 0.363451 
2044, 0.363579 
2045, 0.363706 
2046, 0.363834 
2047, 0.363961 
2048, 0.364088 
2049, 0.364215 
2050, 0.364342 
2051, 0.364469 
2052, 0.364596 
2053, 0.364723 
2054, 0.364850 
2055, 0.364976 
2056, 0.365103 
2057, 0.365229 
2058, 0.365356 
2059, 0.365482 
2060, 0.365608 
2061, 0.365734 
2062, 0.365860 
2063, 0.365986 
2064, 0.366112 
2065, 0.366238 
2066, 0.366363 
2067, 0.366489 
2068, 0.366615 
2069, 0.366740 
2070, 0.366865 
2071, 0.366991 
2072, 0.367116 
2073, 0.367241 
2074, 0.367366 
2075, 0.367491 
2076, 0.367616 
2077, 0.367740 
2078, 0.367865 
2079, 0.367990 
2080, 0.368114 
2081, 0.368239 
2082, 0.368363 
2083, 0.368487 
2084, 0.368611 
2085, 0.368735 
2086, 0.368859 
2087, 0.368983 
2088, 0.369107 
2089, 0.369231 
2090, 0.369354 
2091, 0.369478 
2092, 0.369601 
2093, 0.369725 
2094, 0.369848 
2095, 0.369971 
2096, 0.370094 
2097, 0.370217 
2098, 0.370340 
2099, 0.370463 
2100, 0.370586 
2101, 0.370709 
2102, 0.370831 
2103, 0.370954 
2104, 0.371076 
2105, 0.371198 
2106, 0.371321 
2107, 0.371443 
2108, 0.371565 
2109, 0.371687 
2110, 0.371809 
2111, 0.371931 
2112, 0.372052 
2113, 0.372174 
2114, 0.372295 
2115, 0.372417 
2116, 0.372538 
2117, 0.372659 
2118, 0.372781 
2119, 0.372902 
2120, 0.373023 
2121, 0.373144 
2122, 0.373264 
2123, 0.373385 
2124, 0.373506 
2125, 0.373626 
2126, 0.373747 
2127, 0.373867 
2128, 0.373987 
2129, 0.374108 
2130, 0.374228 
2131, 0.374348 
2132, 0.374468 
2133, 0.374588 
2134, 0.374707 
2135, 0.374827 
2136, 0.374947 
2137, 0.375066 
2138, 0.375185 
2139, 0.375305 
2140, 0.375424 
2141, 0.375543 
2142, 0.375662 
2143, 0.375781 
2144, 0.375900 
2145, 0.376019 
2146, 0.376137 
2147, 0.376256 
2148, 0.376374 
2149, 0.376493 
2150, 0.376611 
2151, 0.376729 
2152, 0.376848 
2153, 0.376966 
2154, 0.377084 
2155, 0.377201 
2156, 0.377319 
2157, 0.377437 
2158, 0.377554 
2159, 0.377672 
2160, 0.377789 
2161, 0.377907 
2162, 0.378024 
2163, 0.378141 
2164, 0.378258 
2165, 0.378375 
2166, 0.378492 
2167, 0.378609 
2168, 0.378725 
2169, 0.378842 
2170, 0.378958 
2171, 0.379075 
2172, 0.379191 
2173, 0.379307 
2174, 0.379423 
2175, 0.379539 
2176, 0.379655 
2177, 0.379771 
2178, 0.379887 
2179, 0.380003 
2180, 0.380118 
2181, 0.380234 
2182, 0.380349 
2183, 0.380464 
2184, 0.380579 
2185, 0.380695 
2186, 0.380810 
2187, 0.380924 
2188, 0.381039 
2189, 0.381154 
2190, 0.381269 
2191, 0.381383 
2192, 0.381498 
2193, 0.381612 
2194, 0.381726 
2195, 0.381840 
2196, 0.381954 
2197, 0.382068 
2198, 0.382182 
2199, 0.382296 
2200, 0.382410 
2201, 0.382523 
2202, 0.382637 
2203, 0.382750 
2204, 0.382864 
2205, 0.382977 
2206, 0.383090 
2207, 0.383203 
2208, 0.383316 
2209, 0.383429 
2210, 0.383542 
2211, 0.383654 
2212, 0.383767 
2213, 0.383879 
2214, 0.383992 
2215, 0.384104 
2216, 0.384216 
2217, 0.384328 
2218, 0.384440 
2219, 0.384552 
2220, 0.384664 
2221, 0.384776 
2222, 0.384887 
2223, 0.384999 
2224, 0.385110 
2225, 0.385222 
2226, 0.385333 
2227, 0.385444 
2228, 0.385555 
2229, 0.385666 
2230, 0.385777 
2231, 0.385888 
2232, 0.385998 
2233, 0.386109 
2234, 0.386219 
2235, 0.386330 
2236, 0.386440 
2237, 0.386550 
2238, 0.386660 
2239, 0.386770 
2240, 0.386880 
2241, 0.386990 
2242, 0.387100 
2243, 0.387209 
2244, 0.387319 
2245, 0.387428 
2246, 0.387537 
2247, 0.387647 
2248, 0.387756 
2249, 0.387865 
2250, 0.387974 
2251, 0.388082 
2252, 0.388191 
2253, 0.388300 
2254, 0.388408 
2255, 0.388517 
2256, 0.388625 
2257, 0.388733 
2258, 0.388841 
2259, 0.388949 
2260, 0.389057 
2261, 0.389165 
2262, 0.389273 
2263, 0.389381 
2264, 0.389488 
2265, 0.389596 
2266, 0.389703 
2267, 0.389810 
2268, 0.389917 
2269, 0.390025 
2270, 0.390131 
2271, 0.390238 
2272, 0.390345 
2273, 0.390452 
2274, 0.390558 
2275, 0.390665 
2276, 0.390771 
2277, 0.390877 
2278, 0.390984 
2279, 0.391090 
2280, 0.391196 
2281, 0.391302 
2282, 0.391407 
2283, 0.391513 
2284, 0.391619 
2285, 0.391724 
2286, 0.391829 
2287, 0.391935 
2288, 0.392040 
2289, 0.392145 
2290, 0.392250 
2291, 0.392355 
2292, 0.392460 
2293, 0.392564 
2294, 0.392669 
2295, 0.392773 
2296, 0.392878 
2297, 0.392982 
2298, 0.393086 
2299, 0.393190 
2300, 0.393294 
2301, 0.393398 
2302, 0.393502 
2303, 0.393605 
2304, 0.393709 
2305, 0.393812 
2306, 0.393916 
2307, 0.394019 
2308, 0.394122 
2309, 0.394225 
2310, 0.394328 
2311, 0.394431 
2312, 0.394534 
2313, 0.394636 
2314, 0.394739 
2315, 0.394841 
2316, 0.394944 
2317, 0.395046 
2318, 0.395148 
2319, 0.395250 
2320, 0.395352 
2321, 0.395454 
2322, 0.395556 
2323, 0.395657 
2324, 0.395759 
2325, 0.395860 
2326, 0.395962 
2327, 0.396063 
2328, 0.396164 
2329, 0.396265 
2330, 0.396366 
2331, 0.396467 
2332, 0.396568 
2333, 0.396668 
2334, 0.396769 
2335, 0.396869 
2336, 0.396969 
2337, 0.397070 
2338, 0.397170 
2339, 0.397270 
2340, 0.397369 
2341, 0.397469 
2342, 0.397569 
2343, 0.397668 
2344, 0.397768 
2345, 0.397867 
2346, 0.397967 
2347, 0.398066 
2348, 0.398165 
2349, 0.398264 
2350, 0.398363 
2351, 0.398461 
2352, 0.398560 
2353, 0.398658 
2354, 0.398757 
2355, 0.398855 
2356, 0.398953 
2357, 0.399052 
2358, 0.399150 
2359, 0.399247 
2360, 0.399345 
2361, 0.399443 
2362, 0.399541 
2363, 0.399638 
2364, 0.399735 
2365, 0.399833 
2366, 0.399930 
2367, 0.400027 
2368, 0.400124 
2369, 0.400221 
2370, 0.400317 
2371, 0.400414 
2372, 0.400511 
2373, 0.400607 
2374, 0.400703 
2375, 0.400800 
2376, 0.400896 
2377, 0.400992 
2378, 0.401088 
2379, 0.401183 
2380, 0.401279 
2381, 0.401375 
2382, 0.401470 
2383, 0.401566 
2384, 0.401661 
2385, 0.401756 
2386, 0.401851 
2387, 0.401946 
2388, 0.402041 
2389, 0.402135 
2390, 0.402230 
2391, 0.402325 
2392, 0.402419 
2393, 0.402513 
2394, 0.402607 
2395, 0.402702 
2396, 0.402796 
2397, 0.402889 
2398, 0.402983 
2399, 0.403077 
2400, 0.403170 
2401, 0.403264 
2402, 0.403357 
2403, 0.403450 
2404, 0.403543 
2405, 0.403636 
2406, 0.403729 
2407, 0.403822 
2408, 0.403915 
2409, 0.404007 
2410, 0.404100 
2411, 0.404192 
2412, 0.404284 
2413, 0.404377 
2414, 0.404469 
2415, 0.404560 
2416, 0.404652 
2417, 0.404744 
2418, 0.404836 
2419, 0.404927 
2420, 0.405018 
2421, 0.405110 
2422, 0.405201 
2423, 0.405292 
2424, 0.405383 
2425, 0.405474 
2426, 0.405564 
2427, 0.405655 
2428, 0.405745 
2429, 0.405836 
2430, 0.405926 
2431, 0.406016 
2432, 0.406106 
2433, 0.406196 
2434, 0.406286 
2435, 0.406376 
2436, 0.406465 
2437, 0.406555 
2438, 0.406644 
2439, 0.406734 
2440, 0.406823 
2441, 0.406912 
2442, 0.407001 
2443, 0.407090 
2444, 0.407178 
2445, 0.407267 
2446, 0.407355 
2447, 0.407444 
2448, 0.407532 
2449, 0.407620 
2450, 0.407708 
2451, 0.407796 
2452, 0.407884 
2453, 0.407972 
2454, 0.408059 
2455, 0.408147 
2456, 0.408234 
2457, 0.408322 
2458, 0.408409 
2459, 0.408496 
2460, 0.408583 
2461, 0.408670 
2462, 0.408756 
2463, 0.408843 
2464, 0.408929 
2465, 0.409016 
2466, 0.409102 
2467, 0.409188 
2468, 0.409274 
2469, 0.409360 
2470, 0.409446 
2471, 0.409532 
2472, 0.409617 
2473, 0.409703 
2474, 0.409788 
2475, 0.409873 
2476, 0.409958 
2477, 0.410043 
2478, 0.410128 
2479, 0.410213 
2480, 0.410298 
2481, 0.410382 
2482, 0.410467 
2483, 0.410551 
2484, 0.410635 
2485, 0.410719 
2486, 0.410803 
2487, 0.410887 
2488, 0.410971 
2489, 0.411055 
2490, 0.411138 
2491, 0.411222 
2492, 0.411305 
2493, 0.411388 
2494, 0.411471 
2495, 0.411554 
2496, 0.411637 
2497, 0.411720 
2498, 0.411802 
2499, 0.411885 
2500, 0.411967 
2501, 0.412050 
2502, 0.412132 
2503, 0.412214 
2504, 0.412296 
2505, 0.412378 
2506, 0.412459 
2507, 0.412541 
2508, 0.412622 
2509, 0.412704 
2510, 0.412785 
2511, 0.412866 
2512, 0.412947 
2513, 0.413028 
2514, 0.413109 
2515, 0.413189 
2516, 0.413270 
2517, 0.413350 
2518, 0.413430 
2519, 0.413511 
2520, 0.413591 
2521, 0.413671 
2522, 0.413751 
2523, 0.413830 
2524, 0.413910 
2525, 0.413989 
2526, 0.414069 
2527, 0.414148 
2528, 0.414227 
2529, 0.414306 
2530, 0.414385 
2531, 0.414464 
2532, 0.414542 
2533, 0.414621 
2534, 0.414699 
2535, 0.414778 
2536, 0.414856 
2537, 0.414934 
2538, 0.415012 
2539, 0.415090 
2540, 0.415167 
2541, 0.415245 
2542, 0.415322 
2543, 0.415400 
2544, 0.415477 
2545, 0.415554 
2546, 0.415631 
2547, 0.415708 
2548, 0.415785 
2549, 0.415861 
2550, 0.415938 
2551, 0.416014 
2552, 0.416091 
2553, 0.416167 
2554, 0.416243 
2555, 0.416319 
2556, 0.416395 
2557, 0.416470 
2558, 0.416546 
2559, 0.416621 
2560, 0.416697 
2561, 0.416772 
2562, 0.416847 
2563, 0.416922 
2564, 0.416997 
2565, 0.417072 
2566, 0.417146 
2567, 0.417221 
2568, 0.417295 
2569, 0.417369 
2570, 0.417443 
2571, 0.417517 
2572, 0.417591 
2573, 0.417665 
2574, 0.417739 
2575, 0.417812 
2576, 0.417886 
2577, 0.417959 
2578, 0.418032 
2579, 0.418105 
2580, 0.418178 
2581, 0.418251 
2582, 0.418324 
2583, 0.418396 
2584, 0.418469 
2585, 0.418541 
2586, 0.418613 
2587, 0.418685 
2588, 0.418757 
2589, 0.418829 
2590, 0.418901 
2591, 0.418972 
2592, 0.419044 
2593, 0.419115 
2594, 0.419186 
2595, 0.419257 
2596, 0.419328 
2597, 0.419399 
2598, 0.419470 
2599, 0.419540 
2600, 0.419611 
2601, 0.419681 
2602, 0.419751 
2603, 0.419821 
2604, 0.419891 
2605, 0.419961 
2606, 0.420031 
2607, 0.420101 
2608, 0.420170 
2609, 0.420240 
2610, 0.420309 
2611, 0.420378 
2612, 0.420447 
2613, 0.420516 
2614, 0.420584 
2615, 0.420653 
2616, 0.420722 
2617, 0.420790 
2618, 0.420858 
2619, 0.420926 
2620, 0.420994 
2621, 0.421062 
2622, 0.421130 
2623, 0.421198 
2624, 0.421265 
2625, 0.421332 
2626, 0.421400 
2627, 0.421467 
2628, 0.421534 
2629, 0.421601 
2630, 0.421667 
2631, 0.421734 
2632, 0.421801 
2633, 0.421867 
2634, 0.421933 
2635, 0.421999 
2636, 0.422065 
2637, 0.422131 
2638, 0.422197 
2639, 0.422262 
2640, 0.422328 
2641, 0.422393 
2642, 0.422459 
2643, 0.422524 
2644, 0.422589 
2645, 0.422654 
2646, 0.422718 
2647, 0.422783 
2648, 0.422847 
2649, 0.422912 
2650, 0.422976 
2651, 0.423040 
2652, 0.423104 
2653, 0.423168 
2654, 0.423232 
2655, 0.423295 
2656, 0.423359 
2657, 0.423422 
2658, 0.423485 
2659, 0.423548 
2660, 0.423611 
2661, 0.423674 
2662, 0.423737 
2663, 0.423799 
2664, 0.423862 
2665, 0.423924 
2666, 0.423986 
2667, 0.424048 
2668, 0.424110 
2669, 0.424172 
2670, 0.424234 
2671, 0.424295 
2672, 0.424357 
2673, 0.424418 
2674, 0.424479 
2675, 0.424540 
2676, 0.424601 
2677, 0.424662 
2678, 0.424722 
2679, 0.424783 
2680, 0.424843 
2681, 0.424903 
2682, 0.424964 
2683, 0.425024 
2684, 0.425083 
2685, 0.425143 
2686, 0.425203 
2687, 0.425262 
2688, 0.425322 
2689, 0.425381 
2690, 0.425440 
2691, 0.425499 
2692, 0.425558 
2693, 0.425616 
2694, 0.425675 
2695, 0.425733 
2696, 0.425792 
2697, 0.425850 
2698, 0.425908 
2699, 0.425966 
2700, 0.426023 
2701, 0.426081 
2702, 0.426139 
2703, 0.426196 
2704, 0.426253 
2705, 0.426310 
2706, 0.426367 
2707, 0.426424 
2708, 0.426481 
2709, 0.426537 
2710, 0.426594 
2711, 0.426650 
2712, 0.426706 
2713, 0.426762 
2714, 0.426818 
2715, 0.426874 
2716, 0.426930 
2717, 0.426985 
2718, 0.427041 
2719, 0.427096 
2720, 0.427151 
2721, 0.427206 
2722, 0.427261 
2723, 0.427316 
2724, 0.427370 
2725, 0.427425 
2726, 0.427479 
2727, 0.427533 
2728, 0.427587 
2729, 0.427641 
2730, 0.427695 
2731, 0.427749 
2732, 0.427802 
2733, 0.427856 
2734, 0.427909 
2735, 0.427962 
2736, 0.428015 
2737, 0.428068 
2738, 0.428121 
2739, 0.428173 
2740, 0.428226 
2741, 0.428278 
2742, 0.428330 
2743, 0.428382 
2744, 0.428434 
2745, 0.428486 
2746, 0.428538 
2747, 0.428589 
2748, 0.428641 
2749, 0.428692 
2750, 0.428743 
2751, 0.428794 
2752, 0.428845 
2753, 0.428896 
2754, 0.428946 
2755, 0.428997 
2756, 0.429047 
2757, 0.429097 
2758, 0.429147 
2759, 0.429197 
2760, 0.429247 
2761, 0.429296 
2762, 0.429346 
2763, 0.429395 
2764, 0.429444 
2765, 0.429493 
2766, 0.429542 
2767, 0.429591 
2768, 0.429640 
2769, 0.429688 
2770, 0.429737 
2771, 0.429785 
2772, 0.429833 
2773, 0.429881 
2774, 0.429929 
2775, 0.429977 
2776, 0.430024 
2777, 0.430072 
2778, 0.430119 
2779, 0.430166 
2780, 0.430213 
2781, 0.430260 
2782, 0.430307 
2783, 0.430353 
2784, 0.430400 
2785, 0.430446 
2786, 0.430492 
2787, 0.430538 
2788, 0.430584 
2789, 0.430630 
2790, 0.430676 
2791, 0.430721 
2792, 0.430767 
2793, 0.430812 
2794, 0.430857 
2795, 0.430902 
2796, 0.430947 
2797, 0.430991 
2798, 0.431036 
2799, 0.431080 
2800, 0.431125 
2801, 0.431169 
2802, 0.431213 
2803, 0.431256 
2804, 0.431300 
2805, 0.431344 
2806, 0.431387 
2807, 0.431430 
2808, 0.431473 
2809, 0.431516 
2810, 0.431559 
2811, 0.431602 
2812, 0.431645 
2813, 0.431687 
2814, 0.431729 
2815, 0.431771 
2816, 0.431813 
2817, 0.431855 
2818, 0.431897 
2819, 0.431939 
2820, 0.431980 
2821, 0.432021 
2822, 0.432063 
2823, 0.432104 
2824, 0.432144 
2825, 0.432185 
2826, 0.432226 
2827, 0.432266 
2828, 0.432307 
2829, 0.432347 
2830, 0.432387 
2831, 0.432427 
2832, 0.432466 
2833, 0.432506 
2834, 0.432545 
2835, 0.432585 
2836, 0.432624 
2837, 0.432663 
2838, 0.432702 
2839, 0.432741 
2840, 0.432779 
2841, 0.432818 
2842, 0.432856 
2843, 0.432894 
2844, 0.432932 
2845, 0.432970 
2846, 0.433008 
2847, 0.433045 
2848, 0.433083 
2849, 0.433120 
2850, 0.433157 
2851, 0.433194 
2852, 0.433231 
2853, 0.433268 
2854, 0.433304 
2855, 0.433341 
2856, 0.433377 
2857, 0.433413 
2858, 0.433449 
2859, 0.433485 
2860, 0.433521 
2861, 0.433557 
2862, 0.433592 
2863, 0.433627 
2864, 0.433662 
2865, 0.433697 
2866, 0.433732 
2867, 0.433767 
2868, 0.433802 
2869, 0.433836 
2870, 0.433870 
2871, 0.433904 
2872, 0.433938 
2873, 0.433972 
2874, 0.434006 
2875, 0.434039 
2876, 0.434073 
2877, 0.434106 
2878, 0.434139 
2879, 0.434172 
2880, 0.434205 
2881, 0.434238 
2882, 0.434270 
2883, 0.434303 
2884, 0.434335 
2885, 0.434367 
2886, 0.434399 
2887, 0.434431 
2888, 0.434462 
2889, 0.434494 
2890, 0.434525 
2891, 0.434556 
2892, 0.434587 
2893, 0.434618 
2894, 0.434649 
2895, 0.434680 
2896, 0.434710 
2897, 0.434740 
2898, 0.434771 
2899, 0.434801 
2900, 0.434830 
2901, 0.434860 
2902, 0.434890 
2903, 0.434919 
2904, 0.434948 
2905, 0.434978 
2906, 0.435006 
2907, 0.435035 
2908, 0.435064 
2909, 0.435093 
2910, 0.435121 
2911, 0.435149 
2912, 0.435177 
2913, 0.435205 
2914, 0.435233 
2915, 0.435261 
2916, 0.435288 
2917, 0.435315 
2918, 0.435343 
2919, 0.435370 
2920, 0.435397 
2921, 0.435423 
2922, 0.435450 
2923, 0.435476 
2924, 0.435503 
2925, 0.435529 
2926, 0.435555 
2927, 0.435581 
2928, 0.435606 
2929, 0.435632 
2930, 0.435657 
2931, 0.435682 
2932, 0.435707 
2933, 0.435732 
2934, 0.435757 
2935, 0.435782 
2936, 0.435806 
2937, 0.435831 
2938, 0.435855 
2939, 0.435879 
2940, 0.435903 
2941, 0.435926 
2942, 0.435950 
2943, 0.435973 
2944, 0.435997 
2945, 0.436020 
2946, 0.436043 
2947, 0.436065 
2948, 0.436088 
2949, 0.436111 
2950, 0.436133 
2951, 0.436155 
2952, 0.436177 
2953, 0.436199 
2954, 0.436221 
2955, 0.436242 
2956, 0.436264 
2957, 0.436285 
2958, 0.436306 
2959, 0.436327 
2960, 0.436348 
2961, 0.436369 
2962, 0.436389 
2963, 0.436410 
2964, 0.436430 
2965, 0.436450 
2966, 0.436470 
2967, 0.436489 
2968, 0.436509 
2969, 0.436528 
2970, 0.436548 
2971, 0.436567 
2972, 0.436586 
2973, 0.436605 
2974, 0.436623 
2975, 0.436642 
2976, 0.436660 
2977, 0.436678 
2978, 0.436696 
2979, 0.436714 
2980, 0.436732 
2981, 0.436749 
2982, 0.436767 
2983, 0.436784 
2984, 0.436801 
2985, 0.436818 
2986, 0.436835 
2987, 0.436852 
2988, 0.436868 
2989, 0.436884 
2990, 0.436901 
2991, 0.436917 
2992, 0.436932 
2993, 0.436948 
2994, 0.436964 
2995, 0.436979 
2996, 0.436994 
2997, 0.437009 
2998, 0.437024 
2999, 0.437039 
3000, 0.437054 
3001, 0.437068 
3002, 0.437082 
3003, 0.437097 
3004, 0.437110 
3005, 0.437124 
3006, 0.437138 
3007, 0.437151 
3008, 0.437165 
3009, 0.437178 
3010, 0.437191 
3011, 0.437204 
3012, 0.437217 
3013, 0.437229 
3014, 0.437241 
3015, 0.437254 
3016, 0.437266 
3017, 0.437278 
3018, 0.437289 
3019, 0.437301 
3020, 0.437312 
3021, 0.437324 
3022, 0.437335 
3023, 0.437346 
3024, 0.437357 
3025, 0.437367 
3026, 0.437378 
3027, 0.437388 
3028, 0.437398 
3029, 0.437408 
3030, 0.437418 
3031, 0.437428 
3032, 0.437437 
3033, 0.437447 
3034, 0.437456 
3035, 0.437465 
3036, 0.437474 
3037, 0.437482 
3038, 0.437491 
3039, 0.437499 
3040, 0.437508 
3041, 0.437516 
3042, 0.437524 
3043, 0.437531 
3044, 0.437539 
3045, 0.437546 
3046, 0.437554 
3047, 0.437561 
3048, 0.437568 
3049, 0.437574 
3050, 0.437581 
3051, 0.437588 
3052, 0.437594 
3053, 0.437600 
3054, 0.437606 
3055, 0.437612 
3056, 0.437617 
3057, 0.437623 
3058, 0.437628 
3059, 0.437633 
3060, 0.437638 
3061, 0.437643 
3062, 0.437648 
3063, 0.437652 
3064, 0.437657 
3065, 0.437661 
3066, 0.437665 
3067, 0.437669 
3068, 0.437672 
3069, 0.437676 
3070, 0.437679 
3071, 0.437682 
3072, 0.437686 
3073, 0.437688 
3074, 0.437691 
3075, 0.437694 
3076, 0.437696 
3077, 0.437698 
3078, 0.437700 
3079, 0.437702 
3080, 0.437704 
3081, 0.437705 
3082, 0.437707 
3083, 0.437708 
3084, 0.437709 
3085, 0.437710 
3086, 0.437711 
3087, 0.437711 
3088, 0.437712 
3089, 0.437712 
3090, 0.437712 
3091, 0.437712 
3092, 0.437712 
3093, 0.437711 
3094, 0.437711 
3095, 0.437710 
3096, 0.437709 
3097, 0.437708 
3098, 0.437707 
3099, 0.437705 
3100, 0.437703 
3101, 0.437702 
3102, 0.437700 
3103, 0.437698 
3104, 0.437695 
3105, 0.437693 
3106, 0.437690 
3107, 0.437688 
3108, 0.437685 
3109, 0.437682 
3110, 0.437678 
3111, 0.437675 
3112, 0.437671 
3113, 0.437668 
3114, 0.437664 
3115, 0.437659 
3116, 0.437655 
3117, 0.437651 
3118, 0.437646 
3119, 0.437641 
3120, 0.437636 
3121, 0.437631 
3122, 0.437626 
3123, 0.437621 
3124, 0.437615 
3125, 0.437609 
3126, 0.437603 
3127, 0.437597 
3128, 0.437591 
3129, 0.437584 
3130, 0.437578 
3131, 0.437571 
3132, 0.437564 
3133, 0.437557 
3134, 0.437549 
3135, 0.437542 
3136, 0.437534 
3137, 0.437526 
3138, 0.437518 
3139, 0.437510 
3140, 0.437502 
3141, 0.437493 
3142, 0.437485 
3143, 0.437476 
3144, 0.437467 
3145, 0.437458 
3146, 0.437448 
3147, 0.437439 
3148, 0.437429 
3149, 0.437419 
3150, 0.437409 
3151, 0.437399 
3152, 0.437388 
3153, 0.437378 
3154, 0.437367 
3155, 0.437356 
3156, 0.437345 
3157, 0.437334 
3158, 0.437322 
3159, 0.437311 
3160, 0.437299 
3161, 0.437287 
3162, 0.437275 
3163, 0.437263 
3164, 0.437250 
3165, 0.437238 
3166, 0.437225 
3167, 0.437212 
3168, 0.437199 
3169, 0.437185 
3170, 0.437172 
3171, 0.437158 
3172, 0.437144 
3173, 0.437130 
3174, 0.437116 
3175, 0.437102 
3176, 0.437087 
3177, 0.437072 
3178, 0.437057 
3179, 0.437042 
3180, 0.437027 
3181, 0.437012 
3182, 0.436996 
3183, 0.436980 
3184, 0.436964 
3185, 0.436948 
3186, 0.436932 
3187, 0.436915 
3188, 0.436899 
3189, 0.436882 
3190, 0.436865 
3191, 0.436848 
3192, 0.436831 
3193, 0.436813 
3194, 0.436795 
3195, 0.436777 
3196, 0.436759 
3197, 0.436741 
3198, 0.436723 
3199, 0.436704 
3200, 0.436685 
3201, 0.436666 
3202, 0.436647 
3203, 0.436628 
3204, 0.436609 
3205, 0.436589 
3206, 0.436569 
3207, 0.436549 
3208, 0.436529 
3209, 0.436509 
3210, 0.436488 
3211, 0.436467 
3212, 0.436447 
3213, 0.436425 
3214, 0.436404 
3215, 0.436383 
3216, 0.436361 
3217, 0.436339 
3218, 0.436317 
3219, 0.436295 
3220, 0.436273 
3221, 0.436251 
3222, 0.436228 
3223, 0.436205 
3224, 0.436182 
3225, 0.436159 
3226, 0.436135 
3227, 0.436112 
3228, 0.436088 
3229, 0.436064 
3230, 0.436040 
3231, 0.436016 
3232, 0.435991 
3233, 0.435967 
3234, 0.435942 
3235, 0.435917 
3236, 0.435892 
3237, 0.435866 
3238, 0.435841 
3239, 0.435815 
3240, 0.435789 
3241, 0.435763 
3242, 0.435737 
3243, 0.435710 
3244, 0.435684 
3245, 0.435657 
3246, 0.435630 
3247, 0.435603 
3248, 0.435576 
3249, 0.435548 
3250, 0.435520 
3251, 0.435492 
3252, 0.435464 
3253, 0.435436 
3254, 0.435408 
3255, 0.435379 
3256, 0.435350 
3257, 0.435321 
3258, 0.435292 
3259, 0.435263 
3260, 0.435233 
3261, 0.435203 
3262, 0.435174 
3263, 0.435144 
3264, 0.435113 
3265, 0.435083 
3266, 0.435052 
3267, 0.435021 
3268, 0.434990 
3269, 0.434959 
3270, 0.434928 
3271, 0.434896 
3272, 0.434865 
3273, 0.434833 
3274, 0.434801 
3275, 0.434768 
3276, 0.434736 
3277, 0.434703 
3278, 0.434670 
3279, 0.434637 
3280, 0.434604 
3281, 0.434571 
3282, 0.434537 
3283, 0.434503 
3284, 0.434469 
3285, 0.434435 
3286, 0.434401 
3287, 0.434366 
3288, 0.434332 
3289, 0.434297 
3290, 0.434262 
3291, 0.434227 
3292, 0.434191 
3293, 0.434156 
3294, 0.434120 
3295, 0.434084 
3296, 0.434048 
3297, 0.434011 
3298, 0.433975 
3299, 0.433938 
3300, 0.433901 
3301, 0.433864 
3302, 0.433827 
3303, 0.433789 
3304, 0.433752 
3305, 0.433714 
3306, 0.433676 
3307, 0.433637 
3308, 0.433599 
3309, 0.433560 
3310, 0.433522 
3311, 0.433483 
3312, 0.433443 
3313, 0.433404 
3314, 0.433365 
3315, 0.433325 
3316, 0.433285 
3317, 0.433245 
3318, 0.433205 
3319, 0.433164 
3320, 0.433123 
3321, 0.433083 
3322, 0.433041 
3323, 0.433000 
3324, 0.432959 
3325, 0.432917 
3326, 0.432875 
3327, 0.432833 
3328, 0.432791 
3329, 0.432749 
3330, 0.432706 
3331, 0.432663 
3332, 0.432621 
3333, 0.432577 
3334, 0.432534 
3335, 0.432491 
3336, 0.432447 
3337, 0.432403 
3338, 0.432359 
3339, 0.432315 
3340, 0.432270 
3341, 0.432225 
3342, 0.432181 
3343, 0.432136 
3344, 0.432090 
3345, 0.432045 
3346, 0.431999 
3347, 0.431953 
3348, 0.431907 
3349, 0.431861 
3350, 0.431815 
3351, 0.431768 
3352, 0.431722 
3353, 0.431675 
3354, 0.431627 
3355, 0.431580 
3356, 0.431533 
3357, 0.431485 
3358, 0.431437 
3359, 0.431389 
3360, 0.431340 
3361, 0.431292 
3362, 0.431243 
3363, 0.431194 
3364, 0.431145 
3365, 0.431096 
3366, 0.431046 
3367, 0.430997 
3368, 0.430947 
3369, 0.430897 
3370, 0.430847 
3371, 0.430796 
3372, 0.430746 
3373, 0.430695 
3374, 0.430644 
3375, 0.430592 
3376, 0.430541 
3377, 0.430489 
3378, 0.430438 
3379, 0.430386 
3380, 0.430333 
3381, 0.430281 
3382, 0.430229 
3383, 0.430176 
3384, 0.430123 
3385, 0.430070 
3386, 0.430016 
3387, 0.429963 
3388, 0.429909 
3389, 0.429855 
3390, 0.429801 
3391, 0.429746 
3392, 0.429692 
3393, 0.429637 
3394, 0.429582 
3395, 0.429527 
3396, 0.429472 
3397, 0.429416 
3398, 0.429360 
3399, 0.429305 
3400, 0.429248 
3401, 0.429192 
3402, 0.429136 
3403, 0.429079 
3404, 0.429022 
3405, 0.428965 
3406, 0.428908 
3407, 0.428850 
3408, 0.428792 
3409, 0.428734 
3410, 0.428676 
3411, 0.428618 
3412, 0.428560 
3413, 0.428501 
3414, 0.428442 
3415, 0.428383 
3416, 0.428324 
3417, 0.428264 
3418, 0.428204 
3419, 0.428145 
3420, 0.428084 
3421, 0.428024 
3422, 0.427964 
3423, 0.427903 
3424, 0.427842 
3425, 0.427781 
3426, 0.427720 
3427, 0.427658 
3428, 0.427597 
3429, 0.427535 
3430, 0.427473 
3431, 0.427410 
3432, 0.427348 
3433, 0.427285 
3434, 0.427222 
3435, 0.427159 
3436, 0.427096 
3437, 0.427032 
3438, 0.426969 
3439, 0.426905 
3440, 0.426841 
3441, 0.426776 
3442, 0.426712 
3443, 0.426647 
3444, 0.426582 
3445, 0.426517 
3446, 0.426452 
3447, 0.426386 
3448, 0.426320 
3449, 0.426255 
3450, 0.426188 
3451, 0.426122 
3452, 0.426056 
3453, 0.425989 
3454, 0.425922 
3455, 0.425855 
3456, 0.425787 
3457, 0.425720 
3458, 0.425652 
3459, 0.425584 
3460, 0.425516 
3461, 0.425448 
3462, 0.425379 
3463, 0.425310 
3464, 0.425241 
3465, 0.425172 
3466, 0.425103 
3467, 0.425033 
3468, 0.424963 
3469, 0.424893 
3470, 0.424823 
3471, 0.424753 
3472, 0.424682 
3473, 0.424611 
3474, 0.424540 
3475, 0.424469 
3476, 0.424398 
3477, 0.424326 
3478, 0.424254 
3479, 0.424182 
3480, 0.424110 
3481, 0.424037 
3482, 0.423965 
3483, 0.423892 
3484, 0.423819 
3485, 0.423745 
3486, 0.423672 
3487, 0.423598 
3488, 0.423524 
3489, 0.423450 
3490, 0.423376 
3491, 0.423301 
3492, 0.423227 
3493, 0.423152 
3494, 0.423076 
3495, 0.423001 
3496, 0.422926 
3497, 0.422850 
3498, 0.422774 
3499, 0.422698 
3500, 0.422621 
3501, 0.422545 
3502, 0.422468 
3503, 0.422391 
3504, 0.422313 
3505, 0.422236 
3506, 0.422158 
3507, 0.422080 
3508, 0.422002 
3509, 0.421924 
3510, 0.421846 
3511, 0.421767 
3512, 0.421688 
3513, 0.421609 
3514, 0.421530 
3515, 0.421450 
3516, 0.421370 
3517, 0.421290 
3518, 0.421210 
3519, 0.421130 
3520, 0.421049 
3521, 0.420968 
3522, 0.420887 
3523, 0.420806 
3524, 0.420725 
3525, 0.420643 
3526, 0.420561 
3527, 0.420479 
3528, 0.420397 
3529, 0.420314 
3530, 0.420232 
3531, 0.420149 
3532, 0.420066 
3533, 0.419982 
3534, 0.419899 
3535, 0.419815 
3536, 0.419731 
3537, 0.419647 
3538, 0.419562 
3539, 0.419478 
3540, 0.419393 
3541, 0.419308 
3542, 0.419222 
3543, 0.419137 
3544, 0.419051 
3545, 0.418965 
3546, 0.418879 
3547, 0.418793 
3548, 0.418706 
3549, 0.418620 
3550, 0.418533 
3551, 0.418446 
3552, 0.418358 
3553, 0.418271 
3554, 0.418183 
3555, 0.418095 
3556, 0.418006 
3557, 0.417918 
3558, 0.417829 
3559, 0.417740 
3560, 0.417651 
3561, 0.417562 
3562, 0.417472 
3563, 0.417383 
3564, 0.417293 
3565, 0.417202 
3566, 0.417112 
3567, 0.417021 
3568, 0.416931 
3569, 0.416840 
3570, 0.416748 
3571, 0.416657 
3572, 0.416565 
3573, 0.416473 
3574, 0.416381 
3575, 0.416289 
3576, 0.416196 
3577, 0.416103 
3578, 0.416010 
3579, 0.415917 
3580, 0.415824 
3581, 0.415730 
3582, 0.415636 
3583, 0.415542 
3584, 0.415448 
3585, 0.415353 
3586, 0.415258 
3587, 0.415163 
3588, 0.415068 
3589, 0.414973 
3590, 0.414877 
3591, 0.414781 
3592, 0.414685 
3593, 0.414589 
3594, 0.414493 
3595, 0.414396 
3596, 0.414299 
3597, 0.414202 
3598, 0.414104 
3599, 0.414007 
3600, 0.413909 
3601, 0.413811 
3602, 0.413713 
3603, 0.413614 
3604, 0.413515 
3605, 0.413417 
3606, 0.413317 
3607, 0.413218 
3608, 0.413118 
3609, 0.413019 
3610, 0.412919 
3611, 0.412818 
3612, 0.412718 
3613, 0.412617 
3614, 0.412516 
3615, 0.412415 
3616, 0.412314 
3617, 0.412212 
3618, 0.412111 
3619, 0.412009 
3620, 0.411906 
3621, 0.411804 
3622, 0.411701 
3623, 0.411598 
3624, 0.411495 
3625, 0.411392 
3626, 0.411288 
3627, 0.411184 
3628, 0.411080 
3629, 0.410976 
3630, 0.410872 
3631, 0.410767 
3632, 0.410662 
3633, 0.410557 
3634, 0.410452 
3635, 0.410346 
3636, 0.410240 
3637, 0.410134 
3638, 0.410028 
3639, 0.409921 
3640, 0.409815 
3641, 0.409708 
3642, 0.409601 
3643, 0.409493 
3644, 0.409386 
3645, 0.409278 
3646, 0.409170 
3647, 0.409061 
3648, 0.408953 
3649, 0.408844 
3650, 0.408735 
3651, 0.408626 
3652, 0.408517 
3653, 0.408407 
3654, 0.408297 
3655, 0.408187 
3656, 0.408077 
3657, 0.407966 
3658, 0.407855 
3659, 0.407744 
3660, 0.407633 
3661, 0.407522 
3662, 0.407410 
3663, 0.407298 
3664, 0.407186 
3665, 0.407074 
3666, 0.406961 
3667, 0.406848 
3668, 0.406735 
3669, 0.406622 
3670, 0.406509 
3671, 0.406395 
3672, 0.406281 
3673, 0.406167 
3674, 0.406052 
3675, 0.405938 
3676, 0.405823 
3677, 0.405708 
3678, 0.405592 
3679, 0.405477 
3680, 0.405361 
3681, 0.405245 
3682, 0.405129 
3683, 0.405012 
3684, 0.404896 
3685, 0.404779 
3686, 0.404661 
3687, 0.404544 
3688, 0.404426 
3689, 0.404309 
3690, 0.404191 
3691, 0.404072 
3692, 0.403954 
3693, 0.403835 
3694, 0.403716 
3695, 0.403597 
3696, 0.403477 
3697, 0.403357 
3698, 0.403238 
3699, 0.403117 
3700, 0.402997 
3701, 0.402876 
3702, 0.402756 
3703, 0.402634 
3704, 0.402513 
3705, 0.402392 
3706, 0.402270 
3707, 0.402148 
3708, 0.402025 
3709, 0.401903 
3710, 0.401780 
3711, 0.401657 
3712, 0.401534 
3713, 0.401411 
3714, 0.401287 
3715, 0.401163 
3716, 0.401039 
3717, 0.400915 
3718, 0.400790 
3719, 0.400665 
3720, 0.400540 
3721, 0.400415 
3722, 0.400289 
3723, 0.400164 
3724, 0.400038 
3725, 0.399911 
3726, 0.399785 
3727, 0.399658 
3728, 0.399531 
3729, 0.399404 
3730, 0.399277 
3731, 0.399149 
3732, 0.399021 
3733, 0.398893 
3734, 0.398765 
3735, 0.398636 
3736, 0.398507 
3737, 0.398378 
3738, 0.398249 
3739, 0.398120 
3740, 0.397990 
3741, 0.397860 
3742, 0.397730 
3743, 0.397599 
3744, 0.397468 
3745, 0.397337 
3746, 0.397206 
3747, 0.397075 
3748, 0.396943 
3749, 0.396811 
3750, 0.396679 
3751, 0.396547 
3752, 0.396414 
3753, 0.396281 
3754, 0.396148 
3755, 0.396015 
3756, 0.395881 
3757, 0.395747 
3758, 0.395613 
3759, 0.395479 
3760, 0.395345 
3761, 0.395210 
3762, 0.395075 
3763, 0.394940 
3764, 0.394804 
3765, 0.394668 
3766, 0.394532 
3767, 0.394396 
3768, 0.394260 
3769, 0.394123 
3770, 0.393986 
3771, 0.393849 
3772, 0.393712 
3773, 0.393574 
3774, 0.393436 
3775, 0.393298 
3776, 0.393160 
3777, 0.393021 
3778, 0.392882 
3779, 0.392743 
3780, 0.392604 
3781, 0.392464 
3782, 0.392324 
3783, 0.392184 
3784, 0.392044 
3785, 0.391903 
3786, 0.391763 
3787, 0.391622 
3788, 0.391480 
3789, 0.391339 
3790, 0.391197 
3791, 0.391055 
3792, 0.390913 
3793, 0.390770 
3794, 0.390628 
3795, 0.390485 
3796, 0.390342 
3797, 0.390198 
3798, 0.390054 
3799, 0.389910 
3800, 0.389766 
3801, 0.389622 
3802, 0.389477 
3803, 0.389332 
3804, 0.389187 
3805, 0.389042 
3806, 0.388896 
3807, 0.388750 
3808, 0.388604 
3809, 0.388458 
3810, 0.388311 
3811, 0.388164 
3812, 0.388017 
3813, 0.387870 
3814, 0.387722 
3815, 0.387574 
3816, 0.387426 
3817, 0.387278 
3818, 0.387129 
3819, 0.386980 
3820, 0.386831 
3821, 0.386682 
3822, 0.386532 
3823, 0.386382 
3824, 0.386232 
3825, 0.386082 
3826, 0.385931 
3827, 0.385780 
3828, 0.385629 
3829, 0.385478 
3830, 0.385326 
3831, 0.385175 
3832, 0.385023 
3833, 0.384870 
3834, 0.384718 
3835, 0.384565 
3836, 0.384412 
3837, 0.384259 
3838, 0.384105 
3839, 0.383951 
3840, 0.383797 
3841, 0.383643 
3842, 0.383488 
3843, 0.383333 
3844, 0.383178 
3845, 0.383023 
3846, 0.382868 
3847, 0.382712 
3848, 0.382556 
3849, 0.382399 
3850, 0.382243 
3851, 0.382086 
3852, 0.381929 
3853, 0.381772 
3854, 0.381614 
3855, 0.381456 
3856, 0.381298 
3857, 0.381140 
3858, 0.380981 
3859, 0.380823 
3860, 0.380663 
3861, 0.380504 
3862, 0.380345 
3863, 0.380185 
3864, 0.380025 
3865, 0.379864 
3866, 0.379704 
3867, 0.379543 
3868, 0.379382 
3869, 0.379220 
3870, 0.379059 
3871, 0.378897 
3872, 0.378735 
3873, 0.378573 
3874, 0.378410 
3875, 0.378247 
3876, 0.378084 
3877, 0.377921 
3878, 0.377757 
3879, 0.377593 
3880, 0.377429 
3881, 0.377265 
3882, 0.377100 
3883, 0.376935 
3884, 0.376770 
3885, 0.376605 
3886, 0.376439 
3887, 0.376273 
3888, 0.376107 
3889, 0.375940 
3890, 0.375774 
3891, 0.375607 
3892, 0.375440 
3893, 0.375272 
3894, 0.375104 
3895, 0.374937 
3896, 0.374768 
3897, 0.374600 
3898, 0.374431 
3899, 0.374262 
3900, 0.374093 
3901, 0.373923 
3902, 0.373754 
3903, 0.373584 
3904, 0.373413 
3905, 0.373243 
3906, 0.373072 
3907, 0.372901 
3908, 0.372730 
3909, 0.372558 
3910, 0.372386 
3911, 0.372214 
3912, 0.372042 
3913, 0.371869 
3914, 0.371696 
3915, 0.371523 
3916, 0.371350 
3917, 0.371176 
3918, 0.371002 
3919, 0.370828 
3920, 0.370654 
3921, 0.370479 
3922, 0.370304 
3923, 0.370129 
3924, 0.369954 
3925, 0.369778 
3926, 0.369602 
3927, 0.369426 
3928, 0.369249 
3929, 0.369072 
3930, 0.368895 
3931, 0.368718 
3932, 0.368541 
3933, 0.368363 
3934, 0.368185 
3935, 0.368006 
3936, 0.367828 
3937, 0.367649 
3938, 0.367470 
3939, 0.367291 
3940, 0.367111 
3941, 0.366931 
3942, 0.366751 
3943, 0.366571 
3944, 0.366390 
3945, 0.366209 
3946, 0.366028 
3947, 0.365846 
3948, 0.365664 
3949, 0.365482 
3950, 0.365300 
3951, 0.365118 
3952, 0.364935 
3953, 0.364752 
3954, 0.364569 
3955, 0.364385 
3956, 0.364201 
3957, 0.364017 
3958, 0.363833 
3959, 0.363648 
3960, 0.363463 
3961, 0.363278 
3962, 0.363093 
3963, 0.362907 
3964, 0.362721 
3965, 0.362535 
3966, 0.362348 
3967, 0.362161 
3968, 0.361974 
3969, 0.361787 
3970, 0.361600 
3971, 0.361412 
3972, 0.361224 
3973, 0.361035 
3974, 0.360847 
3975, 0.360658 
3976, 0.360469 
3977, 0.360279 
3978, 0.360089 
3979, 0.359900 
3980, 0.359709 
3981, 0.359519 
3982, 0.359328 
3983, 0.359137 
3984, 0.358946 
3985, 0.358754 
3986, 0.358562 
3987, 0.358370 
3988, 0.358178 
3989, 0.357985 
3990, 0.357792 
3991, 0.357599 
3992, 0.357406 
3993, 0.357212 
3994, 0.357018 
3995, 0.356824 
3996, 0.356629 
3997, 0.356434 
3998, 0.356239 
3999, 0.356044 
4000, 0.355848 
4001, 0.355653 
4002, 0.355456 
4003, 0.355260 
4004, 0.355063 
4005, 0.354866 
4006, 0.354669 
4007, 0.354472 
4008, 0.354274 
4009, 0.354076 
4010, 0.353877 
4011, 0.353679 
4012, 0.353480 
4013, 0.353281 
4014, 0.353081 
4015, 0.352882 
4016, 0.352682 
4017, 0.352482 
4018, 0.352281 
4019, 0.352080 
4020, 0.351879 
4021, 0.351678 
4022, 0.351476 
4023, 0.351275 
4024, 0.351072 
4025, 0.350870 
4026, 0.350667 
4027, 0.350464 
4028, 0.350261 
4029, 0.350058 
4030, 0.349854 
4031, 0.349650 
4032, 0.349446 
4033, 0.349241 
4034, 0.349036 
4035, 0.348831 
4036, 0.348625 
4037, 0.348420 
4038, 0.348214 
4039, 0.348008 
4040, 0.347801 
4041, 0.347594 
4042, 0.347387 
4043, 0.347180 
4044, 0.346972 
4045, 0.346764 
4046, 0.346556 
4047, 0.346348 
4048, 0.346139 
4049, 0.345930 
4050, 0.345721 
4051, 0.345511 
4052, 0.345301 
4053, 0.345091 
4054, 0.344881 
4055, 0.344670 
4056, 0.344459 
4057, 0.344248 
4058, 0.344036 
4059, 0.343824 
4060, 0.343612 
4061, 0.343400 
4062, 0.343187 
4063, 0.342974 
4064, 0.342761 
4065, 0.342548 
4066, 0.342334 
4067, 0.342120 
4068, 0.341906 
4069, 0.341691 
4070, 0.341476 
4071, 0.341261 
4072, 0.341046 
4073, 0.340830 
4074, 0.340614 
4075, 0.340398 
4076, 0.340181 
4077, 0.339964 
4078, 0.339747 
4079, 0.339530 
4080, 0.339312 
4081, 0.339094 
4082, 0.338876 
4083, 0.338657 
4084, 0.338439 
4085, 0.338220 
4086, 0.338000 
4087, 0.337781 
4088, 0.337561 
4089, 0.337340 
4090, 0.337120 
4091, 0.336899 
4092, 0.336678 
4093, 0.336457 
4094, 0.336235 
4095, 0.336013 
4096, 0.335791 
4097, 0.335569 
4098, 0.335346 
4099, 0.335123 
4100, 0.334899 
4101, 0.334676 
4102, 0.334452 
4103, 0.334228 
4104, 0.334003 
4105, 0.333779 
4106, 0.333553 
4107, 0.333328 
4108, 0.333103 
4109, 0.332877 
4110, 0.332650 
4111, 0.332424 
4112, 0.332197 
4113, 0.331970 
4114, 0.331743 
4115, 0.331515 
4116, 0.331287 
4117, 0.331059 
4118, 0.330831 
4119, 0.330602 
4120, 0.330373 
4121, 0.330144 
4122, 0.329914 
4123, 0.329684 
4124, 0.329454 
4125, 0.329223 
4126, 0.328993 
4127, 0.328762 
4128, 0.328530 
4129, 0.328299 
4130, 0.328067 
4131, 0.327835 
4132, 0.327602 
4133, 0.327369 
4134, 0.327136 
4135, 0.326903 
4136, 0.326669 
4137, 0.326435 
4138, 0.326201 
4139, 0.325967 
4140, 0.325732 
4141, 0.325497 
4142, 0.325261 
4143, 0.325026 
4144, 0.324790 
4145, 0.324553 
4146, 0.324317 
4147, 0.324080 
4148, 0.323843 
4149, 0.323605 
4150, 0.323368 
4151, 0.323130 
4152, 0.322891 
4153, 0.322653 
4154, 0.322414 
4155, 0.322175 
4156, 0.321935 
4157, 0.321696 
4158, 0.321455 
4159, 0.321215 
4160, 0.320974 
4161, 0.320734 
4162, 0.320492 
4163, 0.320251 
4164, 0.320009 
4165, 0.319767 
4166, 0.319525 
4167, 0.319282 
4168, 0.319039 
4169, 0.318796 
4170, 0.318552 
4171, 0.318308 
4172, 0.318064 
4173, 0.317820 
4174, 0.317575 
4175, 0.317330 
4176, 0.317084 
4177, 0.316839 
4178, 0.316593 
4179, 0.316347 
4180, 0.316100 
4181, 0.315853 
4182, 0.315606 
4183, 0.315359 
4184, 0.315111 
4185, 0.314863 
4186, 0.314615 
4187, 0.314366 
4188, 0.314117 
4189, 0.313868 
4190, 0.313619 
4191, 0.313369 
4192, 0.313119 
4193, 0.312868 
4194, 0.312618 
4195, 0.312367 
4196, 0.312116 
4197, 0.311864 
4198, 0.311612 
4199, 0.311360 
4200, 0.311107 
4201, 0.310855 
4202, 0.310602 
4203, 0.310348 
4204, 0.310095 
4205, 0.309841 
4206, 0.309586 
4207, 0.309332 
4208, 0.309077 
4209, 0.308822 
4210, 0.308566 
4211, 0.308311 
4212, 0.308055 
4213, 0.307798 
4214, 0.307542 
4215, 0.307285 
4216, 0.307027 
4217, 0.306770 
4218, 0.306512 
4219, 0.306254 
4220, 0.305995 
4221, 0.305737 
4222, 0.305478 
4223, 0.305218 
4224, 0.304958 
4225, 0.304699 
4226, 0.304438 
4227, 0.304178 
4228, 0.303917 
4229, 0.303656 
4230, 0.303394 
4231, 0.303132 
4232, 0.302870 
4233, 0.302608 
4234, 0.302345 
4235, 0.302082 
4236, 0.301819 
4237, 0.301555 
4238, 0.301291 
4239, 0.301027 
4240, 0.300763 
4241, 0.300498 
4242, 0.300233 
4243, 0.299967 
4244, 0.299702 
4245, 0.299435 
4246, 0.299169 
4247, 0.298902 
4248, 0.298635 
4249, 0.298368 
4250, 0.298101 
4251, 0.297833 
4252, 0.297565 
4253, 0.297296 
4254, 0.297027 
4255, 0.296758 
4256, 0.296489 
4257, 0.296219 
4258, 0.295949 
4259, 0.295679 
4260, 0.295408 
4261, 0.295137 
4262, 0.294866 
4263, 0.294594 
4264, 0.294322 
4265, 0.294050 
4266, 0.293778 
4267, 0.293505 
4268, 0.293232 
4269, 0.292958 
4270, 0.292685 
4271, 0.292411 
4272, 0.292136 
4273, 0.291862 
4274, 0.291587 
4275, 0.291312 
4276, 0.291036 
4277, 0.290760 
4278, 0.290484 
4279, 0.290207 
4280, 0.289931 
4281, 0.289653 
4282, 0.289376 
4283, 0.289098 
4284, 0.288820 
4285, 0.288542 
4286, 0.288263 
4287, 0.287984 
4288, 0.287705 
4289, 0.287425 
4290, 0.287145 
4291, 0.286865 
4292, 0.286584 
4293, 0.286304 
4294, 0.286022 
4295, 0.285741 
4296, 0.285459 
4297, 0.285177 
4298, 0.284895 
4299, 0.284612 
4300, 0.284329 
4301, 0.284045 
4302, 0.283762 
4303, 0.283478 
4304, 0.283193 
4305, 0.282909 
4306, 0.282624 
4307, 0.282339 
4308, 0.282053 
4309, 0.281767 
4310, 0.281481 
4311, 0.281194 
4312, 0.280908 
4313, 0.280620 
4314, 0.280333 
4315, 0.280045 
4316, 0.279757 
4317, 0.279469 
4318, 0.279180 
4319, 0.278891 
4320, 0.278602 
4321, 0.278312 
4322, 0.278022 
4323, 0.277732 
4324, 0.277441 
4325, 0.277150 
4326, 0.276859 
4327, 0.276567 
4328, 0.276275 
4329, 0.275983 
4330, 0.275691 
4331, 0.275398 
4332, 0.275105 
4333, 0.274811 
4334, 0.274517 
4335, 0.274223 
4336, 0.273929 
4337, 0.273634 
4338, 0.273339 
4339, 0.273044 
4340, 0.272748 
4341, 0.272452 
4342, 0.272155 
4343, 0.271859 
4344, 0.271562 
4345, 0.271264 
4346, 0.270967 
4347, 0.270669 
4348, 0.270371 
4349, 0.270072 
4350, 0.269773 
4351, 0.269474 
4352, 0.269174 
4353, 0.268874 
4354, 0.268574 
4355, 0.268274 
4356, 0.267973 
4357, 0.267672 
4358, 0.267370 
4359, 0.267068 
4360, 0.266766 
4361, 0.266464 
4362, 0.266161 
4363, 0.265858 
4364, 0.265554 
4365, 0.265251 
4366, 0.264947 
4367, 0.264642 
4368, 0.264337 
4369, 0.264032 
4370, 0.263727 
4371, 0.263421 
4372, 0.263115 
4373, 0.262809 
4374, 0.262502 
4375, 0.262195 
4376, 0.261888 
4377, 0.261580 
4378, 0.261272 
4379, 0.260964 
4380, 0.260655 
4381, 0.260346 
4382, 0.260037 
4383, 0.259728 
4384, 0.259418 
4385, 0.259107 
4386, 0.258797 
4387, 0.258486 
4388, 0.258175 
4389, 0.257863 
4390, 0.257551 
4391, 0.257239 
4392, 0.256927 
4393, 0.256614 
4394, 0.256300 
4395, 0.255987 
4396, 0.255673 
4397, 0.255359 
4398, 0.255044 
4399, 0.254730 
4400, 0.254414 
4401, 0.254099 
4402, 0.253783 
4403, 0.253467 
4404, 0.253150 
4405, 0.252834 
4406, 0.252516 
4407, 0.252199 
4408, 0.251881 
4409, 0.251563 
4410, 0.251245 
4411, 0.250926 
4412, 0.250607 
4413, 0.250287 
4414, 0.249967 
4415, 0.249647 
4416, 0.249327 
4417, 0.249006 
4418, 0.248685 
4419, 0.248363 
4420, 0.248042 
4421, 0.247720 
4422, 0.247397 
4423, 0.247074 
4424, 0.246751 
4425, 0.246428 
4426, 0.246104 
4427, 0.245780 
4428, 0.245455 
4429, 0.245131 
4430, 0.244806 
4431, 0.244480 
4432, 0.244154 
4433, 0.243828 
4434, 0.243502 
4435, 0.243175 
4436, 0.242848 
4437, 0.242520 
4438, 0.242193 
4439, 0.241865 
4440, 0.241536 
4441, 0.241207 
4442, 0.240878 
4443, 0.240549 
4444, 0.240219 
4445, 0.239889 
4446, 0.239558 
4447, 0.239228 
4448, 0.238896 
4449, 0.238565 
4450, 0.238233 
4451, 0.237901 
4452, 0.237568 
4453, 0.237236 
4454, 0.236902 
4455, 0.236569 
4456, 0.236235 
4457, 0.235901 
4458, 0.235566 
4459, 0.235232 
4460, 0.234896 
4461, 0.234561 
4462, 0.234225 
4463, 0.233889 
4464, 0.233552 
4465, 0.233215 
4466, 0.232878 
4467, 0.232541 
4468, 0.232203 
4469, 0.231864 
4470, 0.231526 
4471, 0.231187 
4472, 0.230848 
4473, 0.230508 
4474, 0.230168 
4475, 0.229828 
4476, 0.229487 
4477, 0.229146 
4478, 0.228805 
4479, 0.228463 
4480, 0.228121 
4481, 0.227779 
4482, 0.227436 
4483, 0.227093 
4484, 0.226750 
4485, 0.226406 
4486, 0.226062 
4487, 0.225718 
4488, 0.225373 
4489, 0.225028 
4490, 0.224682 
4491, 0.224337 
4492, 0.223991 
4493, 0.223644 
4494, 0.223297 
4495, 0.222950 
4496, 0.222603 
4497, 0.222255 
4498, 0.221907 
4499, 0.221558 
4500, 0.221209 
4501, 0.220860 
4502, 0.220511 
4503, 0.220161 
4504, 0.219811 
4505, 0.219460 
4506, 0.219109 
4507, 0.218758 
4508, 0.218406 
4509, 0.218054 
4510, 0.217702 
4511, 0.217349 
4512, 0.216996 
4513, 0.216643 
4514, 0.216289 
4515, 0.215935 
4516, 0.215581 
4517, 0.215226 
4518, 0.214871 
4519, 0.214515 
4520, 0.214160 
4521, 0.213803 
4522, 0.213447 
4523, 0.213090 
4524, 0.212733 
4525, 0.212375 
4526, 0.212017 
4527, 0.211659 
4528, 0.211301 
4529, 0.210942 
4530, 0.210582 
4531, 0.210223 
4532, 0.209863 
4533, 0.209502 
4534, 0.209142 
4535, 0.208781 
4536, 0.208419 
4537, 0.208058 
4538, 0.207696 
4539, 0.207333 
4540, 0.206970 
4541, 0.206607 
4542, 0.206244 
4543, 0.205880 
4544, 0.205516 
4545, 0.205151 
4546, 0.204786 
4547, 0.204421 
4548, 0.204055 
4549, 0.203689 
4550, 0.203323 
4551, 0.202956 
4552, 0.202589 
4553, 0.202222 
4554, 0.201854 
4555, 0.201486 
4556, 0.201118 
4557, 0.200749 
4558, 0.200380 
4559, 0.200010 
4560, 0.199640 
4561, 0.199270 
4562, 0.198900 
4563, 0.198529 
4564, 0.198158 
4565, 0.197786 
4566, 0.197414 
4567, 0.197042 
4568, 0.196669 
4569, 0.196296 
4570, 0.195922 
4571, 0.195549 
4572, 0.195175 
4573, 0.194800 
4574, 0.194425 
4575, 0.194050 
4576, 0.193674 
4577, 0.193299 
4578, 0.192922 
4579, 0.192546 
4580, 0.192169 
4581, 0.191791 
4582, 0.191414 
4583, 0.191036 
4584, 0.190657 
4585, 0.190278 
4586, 0.189899 
4587, 0.189520 
4588, 0.189140 
4589, 0.188760 
4590, 0.188379 
4591, 0.187998 
4592, 0.187617 
4593, 0.187235 
4594, 0.186853 
4595, 0.186471 
4596, 0.186088 
4597, 0.185705 
4598, 0.185322 
4599, 0.184938 
4600, 0.184554 
4601, 0.184169 
4602, 0.183784 
4603, 0.183399 
4604, 0.183013 
4605, 0.182627 
4606, 0.182241 
4607, 0.181854 
4608, 0.181467 
4609, 0.181080 
4610, 0.180692 
4611, 0.180304 
4612, 0.179915 
4613, 0.179526 
4614, 0.179137 
4615, 0.178747 
4616, 0.178357 
4617, 0.177967 
4618, 0.177576 
4619, 0.177185 
4620, 0.176794 
4621, 0.176402 
4622, 0.176010 
4623, 0.175617 
4624, 0.175224 
4625, 0.174831 
4626, 0.174437 
4627, 0.174043 
4628, 0.173649 
4629, 0.173254 
4630, 0.172859 
4631, 0.172464 
4632, 0.172068 
4633, 0.171672 
4634, 0.171275 
4635, 0.170878 
4636, 0.170481 
4637, 0.170083 
4638, 0.169685 
4639, 0.169287 
4640, 0.168888 
4641, 0.168489 
4642, 0.168089 
4643, 0.167689 
4644, 0.167289 
4645, 0.166888 
4646, 0.166487 
4647, 0.166086 
4648, 0.165684 
4649, 0.165282 
4650, 0.164880 
4651, 0.164477 
4652, 0.164074 
4653, 0.163670 
4654, 0.163266 
4655, 0.162862 
4656, 0.162457 
4657, 0.162052 
4658, 0.161647 
4659, 0.161241 
4660, 0.160835 
4661, 0.160428 
4662, 0.160021 
4663, 0.159614 
4664, 0.159206 
4665, 0.158798 
4666, 0.158390 
4667, 0.157981 
4668, 0.157572 
4669, 0.157162 
4670, 0.156752 
4671, 0.156342 
4672, 0.155931 
4673, 0.155520 
4674, 0.155109 
4675, 0.154697 
4676, 0.154285 
4677, 0.153872 
4678, 0.153459 
4679, 0.153046 
4680, 0.152633 
4681, 0.152219 
4682, 0.151804 
4683, 0.151389 
4684, 0.150974 
4685, 0.150559 
4686, 0.150143 
4687, 0.149726 
4688, 0.149310 
4689, 0.148893 
4690, 0.148475 
4691, 0.148058 
4692, 0.147639 
4693, 0.147221 
4694, 0.146802 
4695, 0.146383 
4696, 0.145963 
4697, 0.145543 
4698, 0.145122 
4699, 0.144702 
4700, 0.144280 
4701, 0.143859 
4702, 0.143437 
4703, 0.143014 
4704, 0.142592 
4705, 0.142169 
4706, 0.141745 
4707, 0.141321 
4708, 0.140897 
4709, 0.140472 
4710, 0.140047 
4711, 0.139622 
4712, 0.139196 
4713, 0.138770 
4714, 0.138344 
4715, 0.137917 
4716, 0.137490 
4717, 0.137062 
4718, 0.136634 
4719, 0.136205 
4720, 0.135777 
4721, 0.135347 
4722, 0.134918 
4723, 0.134488 
4724, 0.134057 
4725, 0.133627 
4726, 0.133196 
4727, 0.132764 
4728, 0.132332 
4729, 0.131900 
4730, 0.131467 
4731, 0.131034 
4732, 0.130601 
4733, 0.130167 
4734, 0.129733 
4735, 0.129298 
4736, 0.128863 
4737, 0.128428 
4738, 0.127992 
4739, 0.127556 
4740, 0.127120 
4741, 0.126683 
4742, 0.126246 
4743, 0.125808 
4744, 0.125370 
4745, 0.124932 
4746, 0.124493 
4747, 0.124054 
4748, 0.123614 
4749, 0.123174 
4750, 0.122734 
4751, 0.122293 
4752, 0.121852 
4753, 0.121410 
4754, 0.120968 
4755, 0.120526 
4756, 0.120083 
4757, 0.119640 
4758, 0.119197 
4759, 0.118753 
4760, 0.118309 
4761, 0.117864 
4762, 0.117419 
4763, 0.116974 
4764, 0.116528 
4765, 0.116082 
4766, 0.115635 
4767, 0.115188 
4768, 0.114741 
4769, 0.114293 
4770, 0.113845 
4771, 0.113396 
4772, 0.112947 
4773, 0.112498 
4774, 0.112048 
4775, 0.111598 
4776, 0.111148 
4777, 0.110697 
4778, 0.110245 
4779, 0.109794 
4780, 0.109342 
4781, 0.108889 
4782, 0.108436 
4783, 0.107983 
4784, 0.107529 
4785, 0.107075 
4786, 0.106621 
4787, 0.106166 
4788, 0.105711 
4789, 0.105255 
4790, 0.104799 
4791, 0.104343 
4792, 0.103886 
4793, 0.103429 
4794, 0.102971 
4795, 0.102513 
4796, 0.102055 
4797, 0.101596 
4798, 0.101137 
4799, 0.100677 
4800, 0.100217 
4801, 0.099757 
4802, 0.099296 
4803, 0.098835 
4804, 0.098373 
4805, 0.097912 
4806, 0.097449 
4807, 0.096986 
4808, 0.096523 
4809, 0.096060 
4810, 0.095596 
4811, 0.095131 
4812, 0.094667 
4813, 0.094202 
4814, 0.093736 
4815, 0.093270 
4816, 0.092804 
4817, 0.092337 
4818, 0.091870 
4819, 0.091402 
4820, 0.090934 
4821, 0.090466 
4822, 0.089997 
4823, 0.089528 
4824, 0.089059 
4825, 0.088589 
4826, 0.088118 
4827, 0.087648 
4828, 0.087176 
4829, 0.086705 
4830, 0.086233 
4831, 0.085761 
4832, 0.085288 
4833, 0.084815 
4834, 0.084341 
4835, 0.083867 
4836, 0.083393 
4837, 0.082918 
4838, 0.082443 
4839, 0.081967 
4840, 0.081491 
4841, 0.081015 
4842, 0.080538 
4843, 0.080061 
4844, 0.079583 
4845, 0.079105 
4846, 0.078627 
4847, 0.078148 
4848, 0.077669 
4849, 0.077189 
4850, 0.076709 
4851, 0.076229 
4852, 0.075748 
4853, 0.075266 
4854, 0.074785 
4855, 0.074303 
4856, 0.073820 
4857, 0.073337 
4858, 0.072854 
4859, 0.072370 
4860, 0.071886 
4861, 0.071402 
4862, 0.070917 
4863, 0.070432 
4864, 0.069946 
4865, 0.069460 
4866, 0.068973 
4867, 0.068486 
4868, 0.067999 
4869, 0.067511 
4870, 0.067023 
4871, 0.066534 
4872, 0.066045 
4873, 0.065556 
4874, 0.065066 
4875, 0.064576 
4876, 0.064085 
4877, 0.063594 
4878, 0.063102 
4879, 0.062611 
4880, 0.062118 
4881, 0.061626 
4882, 0.061132 
4883, 0.060639 
4884, 0.060145 
4885, 0.059651 
4886, 0.059156 
4887, 0.058661 
4888, 0.058165 
4889, 0.057669 
4890, 0.057173 
4891, 0.056676 
4892, 0.056179 
4893, 0.055681 
4894, 0.055183 
4895, 0.054684 
4896, 0.054185 
4897, 0.053686 
4898, 0.053186 
4899, 0.052686 
4900, 0.052186 
4901, 0.051685 
4902, 0.051183 
4903, 0.050681 
4904, 0.050179 
4905, 0.049677 
4906, 0.049174 
4907, 0.048670 
4908, 0.048166 
4909, 0.047662 
4910, 0.047157 
4911, 0.046652 
4912, 0.046146 
4913, 0.045640 
4914, 0.045134 
4915, 0.044627 
4916, 0.044120 
4917, 0.043612 
4918, 0.043104 
4919, 0.042596 
4920, 0.042087 
4921, 0.041578 
4922, 0.041068 
4923, 0.040558 
4924, 0.040047 
4925, 0.039536 
4926, 0.039025 
4927, 0.038513 
4928, 0.038001 
4929, 0.037488 
4930, 0.036975 
4931, 0.036461 
4932, 0.035947 
4933, 0.035433 
4934, 0.034918 
4935, 0.034403 
4936, 0.033887 
4937, 0.033371 
4938, 0.032855 
4939, 0.032338 
4940, 0.031820 
4941, 0.031303 
4942, 0.030785 
4943, 0.030266 
4944, 0.029747 
4945, 0.029228 
4946, 0.028708 
4947, 0.028187 
4948, 0.027667 
4949, 0.027146 
4950, 0.026624 
4951, 0.026102 
4952, 0.025580 
4953, 0.025057 
4954, 0.024533 
4955, 0.024010 
4956, 0.023486 
4957, 0.022961 
4958, 0.022436 
4959, 0.021911 
4960, 0.021385 
4961, 0.020859 
4962, 0.020332 
4963, 0.019805 
4964, 0.019277 
4965, 0.018749 
4966, 0.018221 
4967, 0.017692 
4968, 0.017163 
4969, 0.016633 
4970, 0.016103 
4971, 0.015573 
4972, 0.015042 
4973, 0.014510 
4974, 0.013978 
4975, 0.013446 
4976, 0.012914 
4977, 0.012380 
4978, 0.011847 
4979, 0.011313 
4980, 0.010779 
4981, 0.010244 
4982, 0.009709 
4983, 0.009173 
4984, 0.008637 
4985, 0.008100 
4986, 0.007563 
4987, 0.007026 
4988, 0.006488 
4989, 0.005950 
4990, 0.005411 
4991, 0.004872 
4992, 0.004332 
4993, 0.003792 
4994, 0.003252 
4995, 0.002711 
4996, 0.002170 
4997, 0.001628 
4998, 0.001086 
4999, 0.000543 
