  0.10000000149011612        1.7197135319712793        1.4317860606347654E-003
   2.0000000298023225E-002   1.7183391446467702        5.7398736125646721E-005
   4.0000000596046451E-003   1.7182841600065524        2.4140959078433610E-006
   8.0000001192092902E-004   1.7182819606063020        2.1469565747445074E-007
   1.6000000238418580E-004   1.7182818726302289        1.2671958438126296E-007
   3.2000000476837162E-005   1.7182818691113779        1.2320073339289195E-007
   6.4000000953674325E-006   1.7182818689694181        1.2305877361562523E-007
   1.2800000190734865E-006   1.7182818689700541        1.2305940955137373E-007
   2.5600000381469728E-007   1.7182818690040660        1.2309342145577773E-007
   5.1200000762939459E-008   1.7182818690170052        1.2310636066104053E-007
   1.0240000152587891E-008   1.7182818411363283        9.5225683782729220E-008
   2.0480000305175784E-009   1.7182818485755564        1.0266491190513705E-007
   4.0960000610351569E-010   1.7182817831276875        3.7217043002968353E-008
